 475 1 0.014405354857444763 0.077514596283435822 0.43844027325725321 0.40689417261016886 0.47533354986700471 0.35546875 0.58500874042510986 0.22077670693397522 0.92207920551300049 0.14649200439453125 -0.0055830999999999997 3.0354100000000002
 775 1 0.0013899351470172405 0.1046459972858429 1.0335569629071204 0.93390624549369594 1.1547297257599742 1.08203125 1.9532618522644043 0.58936655521392822 3.2589621543884277 0.34447479248046875 0.00899112 0.88475700000000002
 127 1 2.5785884857177734 0.039392098784446716 1508.0998105616914 1964.5740176731265 1922.141903423302 413 831.14385986328125 56.758472442626953 1252.554443359375 19.056884765625 2.1338400000000002 0.24123700000000001
 1000 1 0.00032862502848729491 0.12620900571346283 4.0783769818870912 3.6207034302427026 4.668226496490119 4.359375 8.0084724426269531 2.351738452911377 13.215224266052246 1.353790283203125 0.0262019 0.51835699999999996
 950 1 0.00045007767039351165 0.11702699959278107 2.9655594152996971 2.6545592380688969 3.3592857637814171 3.203125 5.8332905769348145 1.7300691604614258 9.709712028503418 0.9978485107421875 0.0071004600000000003 0.55527000000000004
 900 1 0.00061263097450137138 0.11339999735355377 2.1894508918052966 1.9658031666984344 2.469931411090772 2.3359375 4.2912783622741699 1.2647321224212646 7.0812764167785645 0.73226165771484375 0.0088488999999999998 0.63631199999999999
 200 1 0.45302861928939819 0.047436200082302094 1.739493921035808 1.6607242420943291 1.8260986688075749 1.08203125 1.6384111642837524 0.74577045440673828 2.4449970722198486 0.54735565185546875 1.1982699999999999 1.89201
 300 1 0.096619896590709686 0.058686699718236923 0.58281778913818827 0.54960140804330115 0.61902964657019344 0.3798828125 0.56007605791091919 0.26145055890083313 0.80415678024291992 0.18919944763183594 1.07975 3.7818800000000001
 850 1 0.00084536266513168812 0.11001600325107574 1.5623760546360459 1.4041582234831693 1.7547677037452645 1.6484375 3.0282933712005615 0.9001309871673584 4.997154712677002 0.521575927734375 0.0079759199999999992 0.70760400000000001
 250 1 0.19581899046897888 0.053273100405931473 0.64153105368368457 0.6104501010075466 0.67966631943634948 0.423828125 0.63838154077529907 0.2896389365196228 0.93564283847808838 0.20777511596679688 0.97960000000000003 3.5069699999999999
 425 1 0.023301081731915474 0.072353102266788483 0.43183008899243763 0.40293324409141551 0.46536933669034725 0.3212890625 0.5185125470161438 0.20430603623390198 0.80148100852966309 0.13868141174316406 0.166769 3.5379999999999998
 800 1 0.0011740815825760365 0.10761799663305283 1.2096190842215362 1.0921088821719525 1.3532092769741269 1.26953125 2.2917332649230957 0.69149506092071533 3.8482034206390381 0.40416717529296875 -0.0056500600000000002 0.81019099999999999
 350 1 0.052181292325258255 0.064059801399707794 0.55045960818615092 0.51743527885027762 0.58790420651176001 0.3447265625 0.51923662424087524 0.23152899742126465 0.7486191987991333 0.16361045837402344 0.77611699999999995 3.90584
 600 1 0.0049751335754990578 0.090069301426410675 0.49381459876072542 0.45305262371959204 0.54349281644285685 0.486328125 0.83913964033126831 0.27998965978622437 1.3639043569564819 0.17002487182617188 0.066732600000000003 1.8918699999999999
 450 1 0.018238300457596779 0.074832499027252197 0.42922226040033229 0.39958796675393266 0.46337397760408239 0.3349609375 0.5459175705909729 0.21099124848842621 0.85240137577056885 0.14262008666992188 0.110139 3.3348
 500 1 0.011477740481495857 0.080257199704647064 0.42236767460181723 0.39125443535105747 0.45924629859823696 0.3603515625 0.59879010915756226 0.22199484705924988 0.9443509578704834 0.14568901062011719 -0.0122278 3.0098500000000001
 750 1 0.0016529056010767817 0.10121099650859833 0.93641908780097294 0.8514030821288826 1.0437178958704354 0.96484375 1.7417172193527222 0.53191840648651123 2.9060060977935791 0.309051513671875 0.090040300000000004 0.94243399999999999
 650 1 0.0033797072246670723 0.094065003097057343 0.56250699316289143 0.51352807999311667 0.62102535285719507 0.560546875 0.99401348829269409 0.31554710865020752 1.6323782205581665 0.18721389770507812 0.0095954000000000005 1.51101
 550 1 0.0074576972983777523 0.084927797317504883 0.43453278640396187 0.4006750887158953 0.47429405294317772 0.404296875 0.68470567464828491 0.24117866158485413 1.0974876880645752 0.15121650695800781 -0.047769399999999997 2.44313
 700 1 0.0023403449449688196 0.098289400339126587 0.71449124443820544 0.65097730897430139 0.79424752008083188 0.732421875 1.3104759454727173 0.40661728382110596 2.1627316474914551 0.23889541625976562 0.0029009600000000002 1.16727
 625 1 0.0040913070552051067 0.091958999633789062 0.50808665909996953 0.46533848834106373 0.56022643824194118 0.501953125 0.88210636377334595 0.28578761219978333 1.4408004283905029 0.17058563232421875 0.033179599999999997 1.72699
 525 1 0.0092214504256844521 0.082580298185348511 0.42493968650918695 0.39273253002219499 0.4626240178616548 0.3740234375 0.627471923828125 0.22570902109146118 0.99793070554733276 0.14391136169433594 0.061018500000000003 2.75745
 925 1 0.00052728067385032773 0.11694899946451187 2.4736986190395456 2.2142578521926111 2.7929493926399935 2.6484375 4.8653626441955566 1.4304718971252441 8.0286045074462891 0.82505035400390625 0.0045833200000000001 0.60588200000000003
 175 1 0.76926201581954956 0.044298999011516571 5.5118259757521937 5.2786601408418603 5.7662196718929088 3.265625 5.947110652923584 1.9639294147491455 9.899169921875 1.33941650390625 1.1997199999999999 0.981796
 575 1 0.0060735996812582016 0.087560996413230896 0.44710018347041447 0.41119357429887726 0.48943454859777125 0.427734375 0.73803848028182983 0.24898087978363037 1.1907873153686523 0.153717041015625 -0.024374199999999999 2.2189100000000002
 325 1 0.070334389805793762 0.061355400830507278 0.54646572085550982 0.51395469606857036 0.58203441202438255 0.3623046875 0.54860156774520874 0.24526163935661316 0.80139195919036865 0.17619895935058594 0.85872499999999996 3.5923500000000002
 725 1 0.0019617208745330572 0.099991500377655029 0.80689517396738197 0.73190222206491584 0.89632883562565135 0.83203125 1.4887006282806396 0.45977166295051575 2.4894063472747803 0.26813507080078125 -0.028499300000000002 1.06013
 400 1 0.030097154900431633 0.06975170224905014 0.49324804396233296 0.46081693409289992 0.52919003766398331 0.3251953125 0.51963168382644653 0.20688676834106445 0.78724497556686401 0.14163780212402344 0.36307800000000001 3.6509200000000002
 675 1 0.0028093256987631321 0.09574359655380249 0.6322379180120048 0.57753764860826751 0.69791619145874273 0.642578125 1.1497242450714111 0.35715317726135254 1.8974364995956421 0.21021842956542969 0.011925099999999999 1.3092200000000001
 225 1 0.29190570116043091 0.05042169988155365 1.0311942765517457 0.98237586401887866 1.084866581720253 0.646484375 0.99179089069366455 0.44147396087646484 1.532097339630127 0.32450485229492188 1.26799 2.6640199999999998
 825 1 0.000995081034488976 0.10835299640893936 1.3748166601823735 1.2425733088405804 1.5455156657388138 1.45703125 2.6534357070922852 0.79750317335128784 4.4167351722717285 0.46385955810546875 -0.00101811 0.76512599999999997
 150 1 1.2998802661895752 0.041361201554536819 203.88237120909341 230.98998508257534 283.70785568500611 77.25 155.46214294433594 36.706523895263672 234.28530883789062 10.0711669921875 0.80104699999999995 0.217811
 975 1 0.00038319962914101779 0.12124399840831757 3.4991385651868949 3.1201807595690614 3.9826960538251335 3.765625 6.9177131652832031 2.0238955020904541 11.415301322937012 1.1657257080078125 0.0019354800000000001 0.53788800000000003
 875 1 0.00072477728826925159 0.11263599991798401 1.8633193848245069 1.6746799017144995 2.0998963712386498 1.9765625 3.6310815811157227 1.0675792694091797 5.9918489456176758 0.61574554443359375 0.0071364999999999996 0.66714499999999999
 275 1 0.13571219146251678 0.056023199111223221 0.61764016467047855 0.58384954069582606 0.65283792107459027 0.423828125 0.62824517488479614 0.29003345966339111 0.90433621406555176 0.21108627319335938 0.99441100000000004 3.6724100000000002
 375 1 0.039348047226667404 0.066891998052597046 0.516263679792618 0.48410858065606305 0.5535310375767486 0.3427734375 0.52995783090591431 0.22469663619995117 0.78413945436477661 0.15732765197753906 0.53969599999999995 3.7965399999999998
