 300 1 0.096619896590709686 0.058686699718236923 0.65107001755529947 0.61350599311018095 0.68971750269408516 0.650390625 1.0003761053085327 0.43605327606201172 1.5081486701965332 0.31376266479492188 0 2.5119699999999998
 700 1 0.0023403449449688196 0.098289400339126587 2.7302490957928813 2.4892032418984193 3.0266102195404754 2.7265625 4.4437375068664551 1.7346181869506836 6.8182682991027832 1.1875457763671875 0 0.87285800000000002
 225 1 0.29190570116043091 0.05042169988155365 1.5316027698334451 1.4583259758373615 1.612273429084188 1.53515625 2.3734865188598633 1.0273337364196777 3.6104729175567627 0.7375946044921875 0 1.30949
 625 1 0.0040913070552051067 0.091958999633789062 1.6939409326659365 1.5545938527002543 1.8648887756076644 1.6953125 2.7359809875488281 1.0785448551177979 4.2290911674499512 0.7383880615234375 0 1.2321899999999999
 650 1 0.0033797072246670723 0.094065003097057343 2.0272487597758624 1.8476514123488179 2.2368383668072762 2.0234375 3.2655258178710938 1.2872953414916992 5.0476250648498535 0.8813018798828125 0 1.08727
 550 1 0.0074576972983777523 0.084927797317504883 1.1173705482513738 1.0297578750834016 1.2206490471670386 1.12109375 1.7914029359817505 0.71605384349822998 2.7392618656158447 0.49266815185546875 0 1.6265700000000001
 600 1 0.0049751335754990578 0.090069301426410675 1.501855203112314 1.3745651182115819 1.6469229742156157 1.5 2.4207758903503418 0.95806503295898438 3.708423376083374 0.6591796875 0 1.3351200000000001
 575 1 0.0060735996812582016 0.087560996413230896 1.314440158146349 1.2072739107361654 1.4420592868946591 1.31640625 2.1034939289093018 0.84080183506011963 3.2461650371551514 0.57849884033203125 0 1.4634100000000001
 500 1 0.011477740481495857 0.080257199704647064 0.88120046212630609 0.81351982778742593 0.95634445642713506 0.87890625 1.4044098854064941 0.56579184532165527 2.1276891231536865 0.39310455322265625 0 1.8980600000000001
 675 1 0.0028093256987631321 0.09574359655380249 2.3185764392999202 2.1168483314622737 2.5602936216048571 2.3203125 3.7446377277374268 1.4710489511489868 5.788203239440918 1.0106048583984375 0 0.98722500000000002
 400 1 0.030097154900431633 0.06975170224905014 0.64847656422970201 0.60550652715545861 0.69669167990781555 0.646484375 1.0046755075454712 0.4270026683807373 1.5077979564666748 0.30177688598632812 0 2.3800599999999998
 350 1 0.052181292325258255 0.064059801399707794 0.61727409163745817 0.58105898501865449 0.6604423259683303 0.619140625 0.95230996608734131 0.41356188058853149 1.4211474657058716 0.29626846313476562 0 2.5799699999999999
 825 1 0.000995081034488976 0.10835299640893936 6.1373395576802618 5.5380622146443006 6.8918904394065725 6.140625 10.00795841217041 3.8988883495330811 15.491143226623535 2.66253662109375 0 0.455069
 950 1 0.00045007767039351165 0.11702699959278107 13.551334501608734 12.113359146795265 15.355981610776468 13.5625 22.104091644287109 8.5167102813720703 34.214534759521484 5.82763671875 0 0.22800799999999999
 450 1 0.018238300457596779 0.074832499027252197 0.70824797685851903 0.66031467481426787 0.76531416096140636 0.708984375 1.1187604665756226 0.46123039722442627 1.6940587759017944 0.31987380981445312 0 2.2057000000000002
 475 1 0.014405354857444763 0.077514596283435822 0.81522413628126322 0.75674420282431432 0.88582632879694667 0.81640625 1.2947781085968018 0.5273205041885376 1.9536325931549072 0.36515045166015625 0 1.9955000000000001
 750 1 0.0016529056010767817 0.10121099650859833 3.7320648106610794 3.3898408486927165 4.1474732576620585 3.734375 6.0862646102905273 2.3663787841796875 9.3384876251220703 1.611907958984375 0 0.68834700000000004
 1000 1 0.00032862502848729491 0.12620900571346283 19.376430207811893 17.176990692363447 22.172092857119658 19.3125 31.475412368774414 12.23784065246582 48.720237731933594 8.3360595703125 0 0.16295999999999999
 775 1 0.0013899351470172405 0.1046459972858429 4.1965911509600993 3.8000693765898559 4.6964883705263247 4.203125 6.8502311706542969 2.6447505950927734 10.603352546691895 1.814239501953125 0 0.63006300000000004
 850 1 0.00084536266513168812 0.11001600325107574 7.0203665633787349 6.316449316522462 7.8775646512146 7.03125 11.459494590759277 4.4399142265319824 17.737949371337891 3.03497314453125 0 0.40608100000000003
 925 1 0.00052728067385032773 0.11694899946451187 11.629362014175339 10.410739810247323 13.164659600872918 11.59375 18.89543342590332 7.3466653823852539 29.247907638549805 5.00433349609375 0 0.26089200000000001
 200 1 0.45302861928939819 0.047436200082302094 7.804434086326566 7.4409508686060422 8.1944320305497769 7.78125 12.929971694946289 5.0151996612548828 21.565614700317383 3.54107666015625 0 0.32186199999999998
 375 1 0.039348047226667404 0.066891998052597046 0.62436500626527169 0.58527649967682949 0.67019196792369884 0.623046875 0.96825218200683594 0.41384664177894592 1.4422789812088013 0.29448699951171875 0 2.4973100000000001
 875 1 0.00072477728826925159 0.11263599991798401 8.4070218080279524 7.5591224289339873 9.4806981476338397 8.40625 13.700462341308594 5.3268270492553711 21.021366119384766 3.62847900390625 0 0.34595900000000002
 150 1 1.2998802661895752 0.041361201554536819 25.596881945564128 24.568891684473417 26.699934039041501 25.625 51.569156646728516 13.38923454284668 77.71600341796875 8.50830078125 0 0.17213899999999999
 250 1 0.19581899046897888 0.053273100405931473 0.83821164497399259 0.79438341705159388 0.8844061771192272 0.83984375 1.2984722852706909 0.56098294258117676 1.9604837894439697 0.40187835693359375 0 2.1268500000000001
 127 1 2.5785884857177734 0.039392098784446716 53.818032793719183 49.948382270317083 56.024717345354247 53.75 108.16944885253906 14.869447708129883 163.01405334472656 7.401123046875 0 0.28486899999999998
 975 1 0.00038319962914101779 0.12124399840831757 16.420456100436908 14.618200188831388 18.69838544549248 16.4375 26.789751052856445 10.374641418457031 41.467384338378906 7.0308837890625 0 0.19126499999999999
 800 1 0.0011740815825760365 0.10761799663305283 5.1821656977088191 4.6834847954264838 5.7967636488234326 5.171875 8.4290952682495117 3.2837965488433838 13.047247886657715 2.24249267578125 0 0.52707499999999996
 725 1 0.0019617208745330572 0.099991500377655029 3.2539868976705693 2.9530170136692826 3.6155408644295064 3.265625 5.270230770111084 2.0631647109985352 8.0735464096069336 1.422332763671875 0 0.75659900000000002
 425 1 0.023301081731915474 0.072353102266788483 0.7025769100609458 0.65397299711854007 0.75544925037276545 0.701171875 1.1008427143096924 0.45963585376739502 1.6567878723144531 0.32182693481445312 0 2.2360000000000002
 175 1 0.76926201581954956 0.044298999011516571 241.14693905090783 230.45529258619848 251.85517646016683 240.9375 465.6680908203125 157.4259033203125 730.56988525390625 122.8216552734375 0 0.0112712
 325 1 0.070334389805793762 0.061355400830507278 0.63349411255259835 0.59785112704241461 0.67509014935564338 0.634765625 0.97634303569793701 0.42557752132415771 1.4644646644592285 0.30622482299804688 0 2.5505800000000001
 275 1 0.13571219146251678 0.056023199111223221 0.75325863996529041 0.71341841503025771 0.80031580885997666 0.755859375 1.1625992059707642 0.50676465034484863 1.7527133226394653 0.36464309692382812 0 2.2766899999999999
 525 1 0.0092214504256844521 0.082580298185348511 1.0210849324019295 0.94386936566220214 1.1138325183193942 1.01953125 1.6291155815124512 0.65375173091888428 2.4911057949066162 0.45201873779296875 0 1.7253700000000001
 900 1 0.00061263097450137138 0.11339999735355377 9.8098546807987184 8.8006712013971935 11.0524159014392 9.78125 15.94143009185791 6.1981296539306641 24.675458908081055 4.22198486328125 0 0.30407099999999998
