 375 1 0.039348047226667404 0.066891998052597046 0.4736373463693031 0.4441070110094682 0.50694369465731715 0.3701171875 0.56043124198913574 0.25274717807769775 0.83191579580307007 0.18578147888183594 0.45149899999999998 3.1665800000000002
 475 1 0.014405354857444763 0.077514596283435822 0.40994615025864539 0.38044543725847552 0.44438430429074899 0.3662109375 0.60268759727478027 0.23021456599235535 0.9579271674156189 0.15521049499511719 0 2.5867100000000001
 350 1 0.052181292325258255 0.064059801399707794 0.48930380146429586 0.45886344088277031 0.52255254145017838 0.3857421875 0.56563961505889893 0.27249929308891296 0.82423615455627441 0.20567893981933594 0.60390600000000005 3.3538299999999999
 450 1 0.018238300457596779 0.074832499027252197 0.39791904800515543 0.37027257505285049 0.43138487405028358 0.3408203125 0.5500330924987793 0.21811439096927643 0.8654017448425293 0.15044021606445312 0.071476700000000004 2.8136899999999998
 700 1 0.0023403449449688196 0.098289400339126587 0.74303176378203062 0.67696429735793751 0.82592202704273188 0.78515625 1.4173488616943359 0.42919963598251343 2.3799657821655273 0.25226211547851562 0 1.24655
 400 1 0.030097154900431633 0.06975170224905014 0.4320601990431473 0.40292155475162839 0.46419159582902259 0.3486328125 0.54457563161849976 0.23057505488395691 0.82249784469604492 0.16546440124511719 0.28640300000000002 3.0582600000000002
 500 1 0.011477740481495857 0.080257199704647064 0.40640570627353578 0.37647840888416029 0.44173590330252449 0.3759765625 0.62475389242172241 0.23256722092628479 1.009604811668396 0.15347480773925781 0 2.4570799999999999
 550 1 0.0074576972983777523 0.084927797317504883 0.42890179223523917 0.39551200287813937 0.46813859425931237 0.419921875 0.72455829381942749 0.24657338857650757 1.1949297189712524 0.1541900634765625 0 2.03078
 950 1 0.00045007767039351165 0.11702699959278107 2.9694455730074609 2.6581951765174825 3.3631158292449079 3.203125 6.0375752449035645 1.7131887674331665 9.711308479309082 0.9790802001953125 0 0.53998699999999999
 600 1 0.0049751335754990578 0.090069301426410675 0.48587562283537783 0.44625124463844218 0.53481894553899489 0.490234375 0.86932885646820068 0.27942222356796265 1.4470387697219849 0.16899681091308594 0 1.76691
 800 1 0.0011740815825760365 0.10761799663305283 1.2355355154707786 1.1174871565229294 1.3847224652366534 1.32421875 2.4537947177886963 0.71523594856262207 4.0144672393798828 0.41252517700195312 0 0.91563700000000003
 850 1 0.00084536266513168812 0.11001600325107574 1.6363443639054343 1.4708258776635503 1.8362167826486944 1.7734375 3.3144791126251221 0.95084202289581299 5.3765277862548828 0.54553985595703125 0 0.77356899999999995
 750 1 0.0016529056010767817 0.10121099650859833 0.93145480299279582 0.84689934332312311 1.0382216851276143 0.98828125 1.8312981128692627 0.53636831045150757 2.9960477352142334 0.31173324584960938 0 1.07233
 650 1 0.0033797072246670723 0.094065003097057343 0.58288144234091588 0.53266104151982974 0.64303311353848014 0.603515625 1.0894547700881958 0.33660894632339478 1.8293766975402832 0.19920730590820312 0 1.4665299999999999
 900 1 0.00061263097450137138 0.11339999735355377 2.2195745136676019 1.9935115764830096 2.5034826614503682 2.3984375 4.4825773239135742 1.2762970924377441 7.2713394165039062 0.73311614990234375 0 0.65246000000000004
 200 1 0.45302861928939819 0.047436200082302094 2.5533298834635909 2.4376424107856138 2.6805546066081147 2.0078125 2.8641576766967773 1.4742728471755981 4.0923089981079102 1.1646881103515625 1.08893 1.1249899999999999
 150 1 1.2998802661895752 0.041361201554536819 17.54439288885364 16.816279962444227 18.295878704269523 13.6875 23.398994445800781 9.0625171661376953 41.479324340820312 6.7635498046875 0.81097399999999997 0.21169299999999999
 1000 1 0.00032862502848729491 0.12620900571346283 4.2095974485387231 3.7377212950914886 4.8177570419098359 4.578125 8.6293144226074219 2.430164098739624 13.880064964294434 1.3904266357421875 0 0.42043000000000003
 275 1 0.13571219146251678 0.056023199111223221 0.54712419950622815 0.51822821297021016 0.58065142317105689 0.427734375 0.60334604978561401 0.318940669298172 0.85122567415237427 0.25146102905273438 1.0058400000000001 3.6620900000000001
 300 1 0.096619896590709686 0.058686699718236923 0.54689446906272488 0.51671190603736883 0.58203970020208617 0.423828125 0.60121482610702515 0.31015583872795105 0.85100144147872925 0.24419784545898438 0.97090600000000005 3.54365
 725 1 0.0019617208745330572 0.099991500377655029 0.82719768427018958 0.75026170823105565 0.91792512023927686 0.87890625 1.6005979776382446 0.47930067777633667 2.664250373840332 0.28066635131835938 0 1.15686
 425 1 0.023301081731915474 0.072353102266788483 0.43915364567816478 0.40976437335653004 0.47326341175765591 0.3603515625 0.57149893045425415 0.23545798659324646 0.87869280576705933 0.16539573669433594 0.21710599999999999 2.8698000000000001
 525 1 0.0092214504256844521 0.082580298185348511 0.41894142262502571 0.38726000863099308 0.45612804024178405 0.400390625 0.67809015512466431 0.23969613015651703 1.1037414073944092 0.15405654907226562 0 2.2478699999999998
 127 1 2.5785884857177734 0.039392098784446716 42.526915114037706 38.250000232843455 38.250002430807513 6.71875 13.521181106567383 2.0223860740661621 20.37675666809082 0.8824920654296875 0 0.86387100000000006
 575 1 0.0060735996812582016 0.087560996413230896 0.47376652072763326 0.43614245574698474 0.5189758644243011 0.462890625 0.80607956647872925 0.26915016770362854 1.3370940685272217 0.16589927673339844 0 1.86754
 625 1 0.0040913070552051067 0.091958999633789062 0.52191547360418622 0.47821358948840154 0.57520703000952589 0.533203125 0.95402646064758301 0.29911112785339355 1.5953238010406494 0.17860221862792969 0 1.63788
 825 1 0.000995081034488976 0.10835299640893936 1.4197960748434284 1.2834178260509446 1.5956600381636539 1.52734375 2.8545403480529785 0.82089543342590332 4.6304459571838379 0.47282028198242188 0 0.846773
 775 1 0.0013899351470172405 0.1046459972858429 1.0295070723233768 0.93022113834333275 1.1486849135331605 1.1015625 2.0412099361419678 0.59641218185424805 3.339468240737915 0.34531402587890625 0 1.0247200000000001
 675 1 0.0028093256987631321 0.09574359655380249 0.6548244941514153 0.59840677216764515 0.72365178010026132 0.685546875 1.2375359535217285 0.37745559215545654 2.0780298709869385 0.22159767150878906 0 1.35602
 875 1 0.00072477728826925159 0.11263599991798401 1.8769164866186807 1.6872952798844145 2.1151907210836125 2.0234375 3.8139803409576416 1.0875289440155029 6.13470458984375 0.62639617919921875 0 0.72718499999999997
 175 1 0.76926201581954956 0.044298999011516571 59.976075798543235 57.44808635041116 62.740940135543539 39.9375 62.383655548095703 19.295289993286133 96.066566467285156 12.05145263671875 0 0.082477599999999998
 975 1 0.00038319962914101779 0.12124399840831757 3.6193161692396822 3.2278528134035085 4.11881998630132 3.921875 7.3923482894897461 2.0843937397003174 11.89043140411377 1.1949462890625 0 0.47208899999999998
 925 1 0.00052728067385032773 0.11694899946451187 2.5382912255375887 2.2724965915991682 2.8746233296434074 2.7265625 5.1393017768859863 1.4473161697387695 8.2664546966552734 0.82808685302734375 0 0.59242499999999998
 225 1 0.29190570116043091 0.05042169988155365 0.86121914676450284 0.82003018978402198 0.90890940351184091 0.681640625 0.96149665117263794 0.50387692451477051 1.3478376865386963 0.40073013305664062 1.01745 2.73834
 250 1 0.19581899046897888 0.053273100405931473 0.6256648222910316 0.59298711728204578 0.65941834822170442 0.482421875 0.67664027214050293 0.3578045666217804 0.951404869556427 0.28549575805664062 1.13503 3.47716
 325 1 0.070334389805793762 0.061355400830507278 0.51824231518303432 0.48842215664593247 0.55316234125696506 0.408203125 0.58881288766860962 0.29945650696754456 0.83603906631469727 0.23200607299804688 0.79704699999999995 3.3693
