 975 1 0.00038319962914101779 0.12124399840831757 3.5378748273628706 3.1486052521626156 4.018946091168198 3.828125 7.0325298309326172 2.0549826622009277 11.604766845703125 1.18133544921875 -0.0042011499999999998 0.53758499999999998
 875 1 0.00072477728826925159 0.11263599991798401 1.8455142070518809 1.6578515695719283 2.0788317756055714 1.984375 3.6454339027404785 1.074387788772583 6.0155324935913086 0.6220550537109375 -0.077579599999999999 0.67196299999999998
 425 1 0.023301081731915474 0.072353102266788483 0.47038781399847285 0.43836889471729235 0.50602656198008289 0.3759765625 0.59028476476669312 0.24646210670471191 0.87974834442138672 0.17256736755371094 0.232598 3.24254
 200 1 0.45302861928939819 0.047436200082302094 2.7447094120411446 2.6216023549769241 2.8827436777586701 1.99609375 3.6351358890533447 1.2224764823913574 6.0508084297180176 0.87718963623046875 1.0994699999999999 2.05707
 375 1 0.039348047226667404 0.066891998052597046 0.51451113986702068 0.48284607330889667 0.55138343527792821 0.390625 0.57902783155441284 0.26923120021820068 0.82873332500457764 0.197601318359375 0.490477 3.5150399999999999
 325 1 0.070334389805793762 0.061355400830507278 0.56801609807872744 0.5341927545569668 0.60492407663868897 0.435546875 0.62131047248840332 0.31765493750572205 0.87124907970428467 0.24924850463867188 0.87952399999999997 3.6381100000000002
 225 1 0.29190570116043091 0.05042169988155365 1.0115433571590864 0.96443041428648024 1.0650143849873825 0.775390625 1.1184628009796143 0.56742799282073975 1.6268050670623779 0.44675827026367188 1.0619000000000001 2.9129299999999998
 600 1 0.0049751335754990578 0.090069301426410675 0.49088248478994612 0.45036062212029915 0.54028522962705916 0.490234375 0.85369610786437988 0.28192627429962158 1.3961712121963501 0.17091178894042969 -0.022725599999999999 1.74533
 550 1 0.0074576972983777523 0.084927797317504883 0.44562102617846999 0.41082448072208183 0.48640758218463653 0.427734375 0.73121857643127441 0.25225076079368591 1.1716597080230713 0.15872955322265625 -0.0149982 2.13876
 500 1 0.011477740481495857 0.080257199704647064 0.43371294687967721 0.4016520167531577 0.47157181940978166 0.3876953125 0.63804525136947632 0.24079218506813049 1.0056743621826172 0.15977287292480469 -0.012881999999999999 2.7057699999999998
 275 1 0.13571219146251678 0.056023199111223221 0.6026728230232743 0.57194649805965703 0.63952363616992425 0.458984375 0.63644891977310181 0.34556195139884949 0.8648187518119812 0.27521133422851562 1.09633 3.8622000000000001
 450 1 0.018238300457596779 0.074832499027252197 0.44395623401108625 0.4136616411774946 0.47981559876517776 0.3623046875 0.584705650806427 0.2306143194437027 0.89571946859359741 0.15921592712402344 0.114979 3.1664699999999999
 400 1 0.030097154900431633 0.06975170224905014 0.47642346444603256 0.44595188151440363 0.51206414152489077 0.3701171875 0.56928306818008423 0.24538278579711914 0.83216941356658936 0.17421531677246094 0.314386 3.4411999999999998
 1000 1 0.00032862502848729491 0.12620900571346283 4.0940076005769299 3.6285896516284888 4.6782646152767304 4.421875 8.1937923431396484 2.3766076564788818 13.405241012573242 1.3688812255859375 -0.0481252 0.50185000000000002
 350 1 0.052181292325258255 0.064059801399707794 0.56154172035594019 0.52727409045754658 0.59876264809895507 0.423828125 0.61810880899429321 0.30044549703598022 0.87747746706008911 0.22764205932617188 0.67046700000000004 3.6849699999999999
 300 1 0.096619896590709686 0.058686699718236923 0.58087343007639514 0.54768233824825197 0.61687816638828363 0.447265625 0.62733042240142822 0.33188670873641968 0.87634718418121338 0.26032257080078125 1.0091399999999999 3.8221699999999998
 250 1 0.19581899046897888 0.053273100405931473 0.72745178526065302 0.69116032817172013 0.76692285144940953 0.529296875 0.74660629034042358 0.39722302556037903 1.0398602485656738 0.31530380249023438 1.22557 3.6027399999999998
 825 1 0.000995081034488976 0.10835299640893936 1.3915426055778601 1.2577507126003145 1.564253233635025 1.48828125 2.710345983505249 0.80773252248764038 4.5114636421203613 0.46944808959960938 0.010046100000000001 0.73925799999999997
 925 1 0.00052728067385032773 0.11694899946451187 2.4861956246214643 2.2256189007346743 2.8073050724985618 2.6484375 4.9075894355773926 1.4305880069732666 8.0289344787597656 0.81987762451171875 -0.078767400000000001 0.591557
 725 1 0.0019617208745330572 0.099991500377655029 0.82223112597882442 0.7457462359044511 0.91239866326931274 0.86328125 1.544614315032959 0.47870969772338867 2.5660223960876465 0.28073501586914062 0.011695799999999999 1.0027600000000001
 775 1 0.0013899351470172405 0.1046459972858429 1.0105213693704518 0.91487899569586506 1.1298982836289915 1.07421875 1.9477226734161377 0.5922168493270874 3.2356324195861816 0.344085693359375 -0.040571200000000002 0.86755899999999997
 900 1 0.00061263097450137138 0.11339999735355377 2.1763374714457586 1.9537295400200696 2.4547250537487879 2.3359375 4.2912783622741699 1.2601609230041504 7.0812764167785645 0.7254180908203125 -0.069005499999999997 0.63023600000000002
 675 1 0.0028093256987631321 0.09574359655380249 0.65441268810492148 0.59810012148722469 0.72318976486026743 0.677734375 1.2018212080001831 0.37756732106208801 1.9870649576187134 0.22304344177246094 0.0061899099999999999 1.2214100000000001
 950 1 0.00045007767039351165 0.11702699959278107 2.9049328320563816 2.6021344443359893 3.2827491222980627 3.125 5.7408404350280762 1.6795814037322998 9.4732789993286133 0.9674072265625 -0.068468200000000007 0.57359800000000005
 850 1 0.00084536266513168812 0.11001600325107574 1.6071196256388458 1.4446735273596962 1.8056911835849929 1.7265625 3.1442859172821045 0.93592828512191772 5.233771800994873 0.5429229736328125 -0.034607400000000003 0.68727099999999997
 800 1 0.0011740815825760365 0.10761799663305283 1.2232871511619814 1.1043585382009755 1.3684138055758077 1.30078125 2.3688850402832031 0.70681947469711304 3.9430904388427734 0.4115753173828125 -0.045504299999999998 0.78591
 750 1 0.0016529056010767817 0.10121099650859833 0.91724301031506461 0.83397945749096791 1.0204099493031351 0.97265625 1.7558202743530273 0.53364300727844238 2.9107568264007568 0.311553955078125 -0.040779299999999997 0.91510599999999998
 700 1 0.0023403449449688196 0.098289400339126587 0.73817641594330918 0.67253825880141538 0.82048379500361102 0.771484375 1.3680672645568848 0.42880091071128845 2.2619326114654541 0.25238990783691406 -0.032325800000000002 1.1060399999999999
 625 1 0.0040913070552051067 0.091958999633789062 0.52738969668862268 0.48214563057429993 0.58094480270951165 0.533203125 0.92852205038070679 0.30117359757423401 1.529370903968811 0.18172645568847656 -0.0311717 1.5652900000000001
 650 1 0.0033797072246670723 0.094065003097057343 0.58548305086099517 0.53511257377109556 0.64601129219250686 0.599609375 1.0632827281951904 0.3363630473613739 1.7461327314376831 0.20084571838378906 -0.0017966799999999999 1.37256
 575 1 0.0060735996812582016 0.087560996413230896 0.47857207971605148 0.44055779967336783 0.5254093341433449 0.462890625 0.79131877422332764 0.27032971382141113 1.2775895595550537 0.16770744323730469 -0.020219000000000001 1.93228
 525 1 0.0092214504256844521 0.082580298185348511 0.43172649306923716 0.39896380290881384 0.47002292143598501 0.404296875 0.67181330919265747 0.24601368606090546 1.0595157146453857 0.15871810913085938 -0.017337700000000001 2.4336799999999998
 475 1 0.014405354857444763 0.077514596283435822 0.43310583040125539 0.40181187111118316 0.47012078446891359 0.3740234375 0.60958147048950195 0.23606747388839722 0.95180678367614746 0.15998268127441406 -0.00690553 2.8814600000000001
