 450 1 0.018238300457596779 0.074832499027252197 0.40882750908139792 0.38001001388163613 0.44186133403120947 0.408203125 0.64413481950759888 0.2706332802772522 0.98469763994216919 0.19214248657226562 0 2.6509800000000001
 425 1 0.023301081731915474 0.072353102266788483 0.4186922899862161 0.3911343261894743 0.45104951235704704 0.419921875 0.65593141317367554 0.27858525514602661 1.0003865957260132 0.19929885864257812 0 2.63923
 575 1 0.0060735996812582016 0.087560996413230896 0.61564937294180666 0.56730964116065374 0.67562530538596899 0.615234375 0.99289637804031372 0.39276391267776489 1.5073152780532837 0.26796340942382812 0 1.96669
 700 1 0.0023403449449688196 0.098289400339126587 1.0524957480047805 0.95679554261259514 1.1665048303833141 1.05078125 1.7293115854263306 0.64733457565307617 2.7028012275695801 0.42482757568359375 0 1.4578500000000001
 600 1 0.0049751335754990578 0.090069301426410675 0.66226014149496404 0.60676281824043454 0.72822726475007726 0.662109375 1.0685455799102783 0.41622793674468994 1.6516842842102051 0.28062057495117188 0 1.8674599999999999
 675 1 0.0028093256987631321 0.09574359655380249 0.90828583419278164 0.82900316530331408 1.0044346447080201 0.91015625 1.4978796243667603 0.55646657943725586 2.3410880565643311 0.36797332763671875 0 1.58056
 175 1 0.76926201581954956 0.044298999011516571 33.189079781760469 31.765986544679514 34.726854332679586 33.125 46.988956451416016 21.459779739379883 69.870155334472656 14.10400390625 0 0.090289499999999995
 300 1 0.096619896590709686 0.058686699718236923 0.39143651455224748 0.36981427734223932 0.415096875696228 0.392578125 0.58505260944366455 0.2715417742729187 0.86325675249099731 0.20012283325195312 0 3.23584
 127 1 2.5785884857177734 0.039392098784446716 11.302347027843215 10.852751889227589 11.738152577013636 11.28125 22.703006744384766 3.3748772144317627 34.213996887207031 1.60845947265625 0 1.00387
 750 1 0.0016529056010767817 0.10121099650859833 1.3531818652906429 1.2316682893602517 1.505902496247177 1.35546875 2.2523596286773682 0.82182121276855469 3.5229830741882324 0.53742218017578125 0 1.2817400000000001
 925 1 0.00052728067385032773 0.11694899946451187 3.7649571943678524 3.3614002869437072 4.2599680291855417 3.765625 6.3773550987243652 2.2428498268127441 10.063468933105469 1.4452056884765625 0 0.75511700000000004
 325 1 0.070334389805793762 0.061355400830507278 0.4057979739462545 0.38236445032178229 0.43248244631426952 0.404296875 0.60896307229995728 0.27964752912521362 0.90706735849380493 0.20609664916992188 0 3.0383399999999998
 500 1 0.011477740481495857 0.080257199704647064 0.47228859960116509 0.43614842553092581 0.51240931427633707 0.470703125 0.74651080369949341 0.30972850322723389 1.1477775573730469 0.21788406372070312 0 2.38754
 950 1 0.00045007767039351165 0.11702699959278107 4.3228783056255029 3.8716649431993551 4.8944756271069663 4.328125 7.3989973068237305 2.5646729469299316 11.765663146972656 1.6568603515625 0 0.69899500000000003
 650 1 0.0033797072246670723 0.094065003097057343 0.827785982547662 0.7551138439399715 0.91259103223071514 0.82421875 1.3564488887786865 0.51398599147796631 2.0841073989868164 0.34288787841796875 0 1.63618
 350 1 0.052181292325258255 0.064059801399707794 0.39180281846121207 0.36807047959773981 0.41763659403752185 0.392578125 0.59444159269332886 0.2671089768409729 0.8917660117149353 0.19552230834960938 0 3.0507499999999999
 475 1 0.014405354857444763 0.077514596283435822 0.45100777953966148 0.41784049701587189 0.48793168200271875 0.451171875 0.71193850040435791 0.29498350620269775 1.0883500576019287 0.20884323120117188 0 2.50665
 825 1 0.000995081034488976 0.10835299640893936 2.0960953206099813 1.894545599467341 2.3498898811918014 2.1015625 3.5256385803222656 1.2648063898086548 5.5624074935913086 0.81887054443359375 0 1.0460499999999999
 850 1 0.00084536266513168812 0.11001600325107574 2.3505141790764132 2.1182998269846651 2.6459684364014446 2.3515625 3.982539176940918 1.4152666330337524 6.2844481468200684 0.91628265380859375 0 0.98347600000000002
 800 1 0.0011740815825760365 0.10761799663305283 1.8254758263190347 1.6478452718009338 2.0417516785201206 1.8203125 3.0538058280944824 1.0990176200866699 4.8179960250854492 0.7146148681640625 0 1.1216900000000001
 525 1 0.0092214504256844521 0.082580298185348511 0.51583028183844126 0.47729004955441723 0.56300734157448795 0.517578125 0.82085216045379639 0.33318853378295898 1.262079119682312 0.23149490356445312 0 2.2554699999999999
 625 1 0.0040913070552051067 0.091958999633789062 0.71629742620156178 0.65623388898305279 0.79101786941337071 0.716796875 1.1682318449020386 0.44699728488922119 1.8082854747772217 0.29819869995117188 0 1.7865899999999999
 150 1 1.2998802661895752 0.041361201554536819 10.647740681682645 10.241502809637078 11.124179233245727 10.65625 21.445222854614258 5.1439380645751953 32.318485260009766 2.945037841796875 0 0.60247700000000004
 200 1 0.45302861928939819 0.047436200082302094 1.9725455758209818 1.8835072571055793 2.0671441020454715 1.9765625 3.0244245529174805 1.3448472023010254 4.622408390045166 0.9844207763671875 0 0.96090299999999995
 1000 1 0.00032862502848729491 0.12620900571346283 6.0489620945665283 5.3724057703896815 6.93257317858337 6.046875 10.337226867675781 3.6199960708618164 16.437948226928711 2.326629638671875 0 0.55591500000000005
 725 1 0.0019617208745330572 0.099991500377655029 1.2163723262545292 1.1051338979665961 1.3478901968953974 1.21484375 2.0186853408813477 0.74250131845474243 3.1313068866729736 0.48641204833984375 0 1.34918
 225 1 0.29190570116043091 0.05042169988155365 0.70593877633290048 0.67214771812818164 0.74334797155596577 0.705078125 1.0451451539993286 0.49115872383117676 1.5387891530990601 0.36493301391601562 0 2.1804100000000002
 275 1 0.13571219146251678 0.056023199111223221 0.43107996283527084 0.40925870446741969 0.45786842837760744 0.431640625 0.63982570171356201 0.30015146732330322 0.94202882051467896 0.222564697265625 0 3.0575100000000002
 250 1 0.19581899046897888 0.053273100405931473 0.45524086601591812 0.4322936801914633 0.48124077805095439 0.455078125 0.6781952977180481 0.31761932373046875 1.0006905794143677 0.23376083374023438 0 2.9489800000000002
 375 1 0.039348047226667404 0.066891998052597046 0.3886447670108002 0.36349563767864124 0.41665699891062213 0.3876953125 0.59632027149200439 0.26185819506645203 0.90355312824249268 0.19006156921386719 0 2.94218
 400 1 0.030097154900431633 0.06975170224905014 0.39561947045264589 0.37020418922584097 0.42465264935999475 0.396484375 0.61299967765808105 0.26582229137420654 0.93247580528259277 0.19127273559570312 0 2.8162799999999999
 550 1 0.0074576972983777523 0.084927797317504883 0.53872802429587119 0.49719034447433774 0.58837933113927121 0.5390625 0.86137145757675171 0.34430462121963501 1.3292901515960693 0.2368927001953125 0 2.1395200000000001
 900 1 0.00061263097450137138 0.11339999735355377 3.2206155933055016 2.8916129610032453 3.6256465485121425 3.203125 5.475792407989502 1.9277718067169189 8.6408090591430664 1.2480926513671875 0 0.82673799999999997
 775 1 0.0013899351470172405 0.1046459972858429 1.495077681965957 1.3518557327819793 1.669843308140204 1.49609375 2.5098876953125 0.90326976776123047 3.927987813949585 0.58733367919921875 0 1.2478800000000001
 875 1 0.00072477728826925159 0.11263599991798401 2.7826723067826391 2.5020706526385399 3.1387672664089972 2.78125 4.7102456092834473 1.6720983982086182 7.4327692985534668 1.08099365234375 0 0.89563899999999996
 975 1 0.00038319962914101779 0.12124399840831757 5.238478775628721 4.6776350728303644 5.9605316596103703 5.234375 8.9482460021972656 3.130253791809082 14.229231834411621 2.0088958740234375 0 0.61677300000000002
