 375 1 0.039348047226667404 0.066891998052597046 0.51454818228161048 0.4828789442882967 0.55140453208440854 0.390625 0.57902783155441284 0.26923120021820068 0.82873332500457764 0.197601318359375 0.49046899999999999 3.0013899999999998
 475 1 0.014405354857444763 0.077514596283435822 0.43298176272323918 0.40184504233067031 0.46942855391342148 0.3740234375 0.60958147048950195 0.23606747388839722 0.95180678367614746 0.15998268127441406 0 2.42517
 350 1 0.052181292325258255 0.064059801399707794 0.56158068499383629 0.5273085416571085 0.59879664068995586 0.423828125 0.61810880899429321 0.30044549703598022 0.87747746706008911 0.22764205932617188 0.67046300000000003 3.17672
 450 1 0.018238300457596779 0.074832499027252197 0.44398399729980248 0.41368384723613805 0.47984370501657148 0.3623046875 0.584705650806427 0.2306143194437027 0.89571946859359741 0.15921592712402344 0.114958 2.6749800000000001
 700 1 0.0023403449449688196 0.098289400339126587 0.73819092020193799 0.67255706308188445 0.82050700150697542 0.771484375 1.3680672645568848 0.42880091071128845 2.2619326114654541 0.25238990783691406 0 0.92940699999999998
 550 1 0.0074576972983777523 0.084927797317504883 0.44563902333146233 0.41084275549069765 0.48642835832699161 0.427734375 0.73121857643127441 0.25225076079368591 1.1716597080230713 0.15872955322265625 0 1.79583
 500 1 0.011477740481495857 0.080257199704647064 0.43383991134438371 0.40168584258062373 0.47171106271485641 0.3876953125 0.63804525136947632 0.24079218506813049 1.0056743621826172 0.15977287292480469 0 2.2745700000000002
 400 1 0.030097154900431633 0.06975170224905014 0.47645809323950844 0.44598312570077381 0.51209907064755944 0.3701171875 0.56928306818008423 0.24538278579711914 0.83216941356658936 0.17421531677246094 0.314392 2.9214699999999998
 750 1 0.0016529056010767817 0.10121099650859833 0.91725517057783779 0.8339999439411272 1.0204362925453538 0.97265625 1.7558202743530273 0.53364300727844238 2.9107568264007568 0.311553955078125 0 0.76823900000000001
 600 1 0.0049751335754990578 0.090069301426410675 0.49089781580848679 0.45037619071241197 0.54030516253780381 0.490234375 0.85369610786437988 0.28192627429962158 1.3961712121963501 0.17091178894042969 0 1.4606300000000001
 975 1 0.00038319962914101779 0.12124399840831757 3.5376856494620426 3.1550549380756321 4.0259112398616512 3.828125 7.0325298309326172 2.0549826622009277 11.604766845703125 1.18133544921875 0 0.34299299999999999
 850 1 0.00084536266513168812 0.11001600325107574 1.6071350643263413 1.4447038256427562 1.8054216537804686 1.7265625 3.1442859172821045 0.93592828512191772 5.233771800994873 0.5429229736328125 0 0.54396199999999995
 800 1 0.0011740815825760365 0.10761799663305283 1.2233051871051581 1.1043837558211456 1.3684451969346669 1.30078125 2.3688850402832031 0.70681947469711304 3.9430904388427734 0.4115753173828125 0 0.64302099999999995
 675 1 0.0028093256987631321 0.09574359655380249 0.65442704956874831 0.59811516554008592 0.7232109131245219 0.677734375 1.2018212080001831 0.37756732106208801 1.9870649576187134 0.22304344177246094 0 1.02505
 900 1 0.00061263097450137138 0.11339999735355377 2.1748265638799715 1.9533349024735758 2.4530207829769486 2.3359375 4.2912783622741699 1.2601609230041504 7.0812764167785645 0.7254180908203125 0 0.45998600000000001
 200 1 0.45302861928939819 0.047436200082302094 2.9479293546722052 2.8147335514718366 3.0959139975246024 2.1953125 4.1029453277587891 1.3456405401229858 6.6555256843566895 0.9733123779296875 1.12764 1.52725
 1000 1 0.00032862502848729491 0.12620900571346283 4.0941479126154992 3.6352231975166904 4.685623392967921 4.421875 8.1937923431396484 2.3766076564788818 13.405241012573242 1.3688812255859375 0 0.308527
 300 1 0.096619896590709686 0.058686699718236923 0.58091528695270744 0.54771554289181668 0.61691479394444071 0.447265625 0.62733042240142822 0.32951852679252625 0.87634718418121338 0.26119613647460938 1.0091600000000001 3.33752
 250 1 0.19581899046897888 0.053273100405931473 0.72769316288705599 0.69119741330032836 0.76698267743473914 0.529296875 0.74660629034042358 0.39722302556037903 1.0398602485656738 0.31530380249023438 1.2255499999999999 3.1530900000000002
 725 1 0.0019617208745330572 0.099991500377655029 0.82224591905078848 0.74576605743885738 0.91242359253323535 0.86328125 1.544614315032959 0.47870969772338867 2.5660223960876465 0.28073501586914062 0 0.85067099999999995
 575 1 0.0060735996812582016 0.087560996413230896 0.47858826042536512 0.44057518481196117 0.52543140829439861 0.462890625 0.79131877422332764 0.27032971382141113 1.2775895595550537 0.16770744323730469 0 1.6102799999999999
 525 1 0.0092214504256844521 0.082580298185348511 0.43174501309130336 0.39898074042198356 0.47004329483212698 0.404296875 0.67181330919265747 0.24601368606090546 1.0595157146453857 0.15871810913085938 0 2.0477699999999999
 425 1 0.023301081731915474 0.072353102266788483 0.47041502001382135 0.43839738242728177 0.50605774385294544 0.3759765625 0.59028476476669312 0.24692967534065247 0.87974834442138672 0.17330169677734375 0.23258899999999999 2.7255699999999998
 625 1 0.0040913070552051067 0.091958999633789062 0.5274024701884148 0.48216250083578349 0.58096344152283597 0.533203125 0.92852205038070679 0.30117359757423401 1.529370903968811 0.18172645568847656 0 1.31548
 775 1 0.0013899351470172405 0.1046459972858429 1.0105366861686369 0.91490092453537675 1.129923646445373 1.078125 1.9462103843688965 0.59080874919891357 3.2471969127655029 0.3442840576171875 0 0.72670900000000005
 950 1 0.00045007767039351165 0.11702699959278107 2.9045036821524897 2.6001579372632282 3.2895622106268978 3.125 5.7408404350280762 1.6795814037322998 9.4732789993286133 0.9674072265625 0 0.38723000000000002
 225 1 0.29190570116043091 0.05042169988155365 1.0335311654767776 0.98534203619866412 1.0881523927748167 0.79296875 1.1438183784484863 0.58029156923294067 1.6636847257614136 0.45688629150390625 1.06498 2.4702999999999999
 325 1 0.070334389805793762 0.061355400830507278 0.56805974197397857 0.53422890027312053 0.60496410601715245 0.435546875 0.62131047248840332 0.3205658495426178 0.87124907970428467 0.24924850463867188 0.87953199999999998 3.1653099999999998
 275 1 0.13571219146251678 0.056023199111223221 0.60271301738638394 0.57197882957111612 0.63955776576442702 0.4609375 0.6354825496673584 0.34703242778778076 0.86592942476272583 0.2763824462890625 1.09633 3.4241600000000001
 925 1 0.00052728067385032773 0.11694899946451187 2.4844255700273767 2.2242608829069841 2.8135307477841014 2.6484375 4.9075894355773926 1.4305880069732666 8.0289344787597656 0.81987762451171875 0 0.41889399999999999
 650 1 0.0033797072246670723 0.094065003097057343 0.58549677227649222 0.53512852560222934 0.64603187032181941 0.599609375 1.0632827281951904 0.3363630473613739 1.7461327314376831 0.20084571838378906 0 1.15577
 825 1 0.000995081034488976 0.10835299640893936 1.3915569085870658 1.2577775588524605 1.5642871888856962 1.48828125 2.710345983505249 0.80773252248764038 4.5114636421203613 0.46944808959960938 0 0.59317799999999998
 875 1 0.00072477728826925159 0.11263599991798401 1.8442769680442703 1.6578528549782849 2.0782922646465924 1.984375 3.6454339027404785 1.074387788772583 6.0155324935913086 0.6220550537109375 0 0.51286799999999999
