 475 1 0.014405354857444763 0.077514596283435822 0.44936470359047442 0.41709283727244201 0.48715712773198439 0.3896484375 0.63504695892333984 0.24543879926204681 0.98297804594039917 0.16590499877929688 -0.011339999999999999 2.4863200000000001
 150 1 1.2998802661895752 0.041361201554536819 204.16655504685212 231.56951601215886 284.3022332632591 78.25 157.47459411621094 35.6678466796875 237.31813049316406 11.5770263671875 0.80104900000000001 0.217249
 127 1 2.5785884857177734 0.039392098784446716 1158.1139792375084 1944.974758703142 1964.166589209522 543.5 1093.769287109375 72.967041015625 1648.33740234375 21.76123046875 2.1338200000000001 0.29023399999999999
 200 1 0.45302861928939819 0.047436200082302094 1.7702780087104684 1.690113793877734 1.8584158766690835 1.29296875 1.8650437593460083 0.94618970155715942 2.6965615749359131 0.74497222900390625 1.1982699999999999 1.95381
 850 1 0.00084536266513168812 0.11001600325107574 1.5685361964438307 1.4097081536520959 1.7617341975159948 1.6796875 3.0589206218719482 0.90942275524139404 5.0916781425476074 0.52654266357421875 -0.010728400000000001 0.58057899999999996
 950 1 0.00045007767039351165 0.11702699959278107 2.9727463032237766 2.6693310545904674 3.3674252948635859 3.203125 5.9098973274230957 1.734248161315918 9.7103109359741211 1.0041046142578125 0.0083159900000000005 0.400949
 900 1 0.00061263097450137138 0.11339999735355377 2.1962980025455958 1.9719922308842714 2.4776540334992676 2.3515625 4.3199825286865234 1.2731919288635254 7.1286425590515137 0.73715972900390625 -0.00156281 0.48870999999999998
 1000 1 0.00032862502848729491 0.12620900571346283 4.088742781781451 3.6299074457543825 4.6800911028960543 4.390625 8.1358861923217773 2.3598117828369141 13.310503959655762 1.3592071533203125 0.0069426899999999996 0.33824199999999999
 250 1 0.19581899046897888 0.053273100405931473 0.65463249500946374 0.62113843541874081 0.6915606871131601 0.501953125 0.71603941917419434 0.36944136023521423 1.0104159116744995 0.28725051879882812 0.97960000000000003 3.6049000000000002
 300 1 0.096619896590709686 0.058686699718236923 0.59089352280859941 0.55939909646647412 0.6288016515684921 0.451171875 0.62921249866485596 0.33750459551811218 0.86421859264373779 0.26700210571289062 1.07975 3.5423900000000001
 425 1 0.023301081731915474 0.072353102266788483 0.44347440959810225 0.41379082965337122 0.47754172719382865 0.3623046875 0.57459652423858643 0.23659873008728027 0.86698287725448608 0.16487693786621094 0.166769 2.8562400000000001
 350 1 0.052181292325258255 0.064059801399707794 0.55854391929760616 0.52503027707196437 0.59730006638489974 0.408203125 0.57905024290084839 0.29453584551811218 0.8041069507598877 0.22403335571289062 0.77611699999999995 3.3789699999999998
 600 1 0.0049751335754990578 0.090069301426410675 0.50047646368220977 0.45916381647000581 0.55076816951030794 0.505859375 0.87283998727798462 0.29155650734901428 1.4082826375961304 0.17734718322753906 0.132827 1.49851
 450 1 0.018238300457596779 0.074832499027252197 0.43940792612661544 0.40906378466873128 0.47443825807331108 0.3681640625 0.59416180849075317 0.23607701063156128 0.91020548343658447 0.16322898864746094 0.110139 2.7015600000000002
 500 1 0.011477740481495857 0.080257199704647064 0.43162593816841849 0.39972032723369155 0.46875807266954755 0.3876953125 0.63804525136947632 0.24079218506813049 0.99722307920455933 0.15977287292480469 0.0207624 2.3730699999999998
 650 1 0.0033797072246670723 0.094065003097057343 0.56799665063268834 0.51957522900902198 0.62712414118208737 0.576171875 1.0217211246490479 0.32471209764480591 1.6778800487518311 0.19299507141113281 0.0030283799999999998 1.2346699999999999
 550 1 0.0074576972983777523 0.084927797317504883 0.44194645241682606 0.40746567969139164 0.48239631005463951 0.423828125 0.71778321266174316 0.25443041324615479 1.1415842771530151 0.16100502014160156 0.047982499999999997 1.88826
 700 1 0.0023403449449688196 0.098289400339126587 0.72003691370047718 0.65602689684621396 0.80039762312907414 0.75 1.3419274091720581 0.41589260101318359 2.214637279510498 0.243896484375 0.00913192 0.97394700000000001
 750 1 0.0016529056010767817 0.10121099650859833 0.94241493144690169 0.85684791307227237 1.0503461846104885 0.98828125 1.7840261459350586 0.53765767812728882 2.9765973091125488 0.31366348266601562 0.18065600000000001 0.79674299999999998
 800 1 0.0011740815825760365 0.10761799663305283 1.2157382005190596 1.0975968223146804 1.3600210988294186 1.28515625 2.3404300212860107 0.70684969425201416 3.8957259654998779 0.40914154052734375 -0.0053874099999999996 0.68212600000000001
 975 1 0.00038319962914101779 0.12124399840831757 3.5089570094102842 3.1289374598218012 3.9938694375907287 3.796875 6.9751214981079102 2.0357234477996826 11.510034561157227 1.1679840087890625 0.0086461799999999998 0.36859799999999998
 875 1 0.00072477728826925159 0.11263599991798401 1.8702066044460524 1.6808698871922927 2.1076578835864761 1.9921875 3.6597859859466553 1.0760186910629272 6.0392155647277832 0.62061309814453125 -0.0025987499999999999 0.52885599999999999
 925 1 0.00052728067385032773 0.11694899946451187 2.4806238187960163 2.2204579147639945 2.8007918271580388 2.6640625 4.8940668106079102 1.4389111995697021 8.0759706497192383 0.82991790771484375 0.00093713800000000001 0.45410600000000001
 525 1 0.0092214504256844521 0.082580298185348511 0.43289420360022879 0.40003451494900866 0.47129510092097554 0.396484375 0.66515302658081055 0.24125979840755463 1.0494133234024048 0.15565109252929688 0.054532999999999998 2.1131000000000002
 225 1 0.29190570116043091 0.05042169988155365 1.047336966005862 0.99849245271995746 1.1026906773534118 0.767578125 1.1194320917129517 0.56171083450317383 1.6650805473327637 0.44225692749023438 1.26799 2.8852199999999999
 575 1 0.0060735996812582016 0.087560996413230896 0.4533340441627679 0.41735499173662716 0.49679315355243125 0.447265625 0.76460754871368408 0.26091974973678589 1.234464168548584 0.16160964965820312 0.027826099999999999 1.7298100000000001
 175 1 0.76926201581954956 0.044298999011516571 5.5911887692215929 5.3546577507353943 5.8402960911905515 3.703125 6.5076799392700195 2.3793776035308838 11.223529815673828 1.72137451171875 1.1997199999999999 0.97845400000000005
 275 1 0.13571219146251678 0.056023199111223221 0.6289405934536979 0.59575962844871622 0.66657607101259186 0.498046875 0.69855570793151855 0.36569997668266296 0.97584515810012817 0.28890609741210938 0.99441100000000004 3.5306799999999998
 325 1 0.070334389805793762 0.061355400830507278 0.55657420051532525 0.52340967840140307 0.59272888434473792 0.427734375 0.61357581615447998 0.3127533495426178 0.86318707466125488 0.24143600463867188 0.85872499999999996 3.5019900000000002
 625 1 0.0040913070552051067 0.091958999633789062 0.51482498100285823 0.47056735073265338 0.56647501944589551 0.517578125 0.90956497192382812 0.29501345753669739 1.4856501817703247 0.17640113830566406 0.0052804799999999997 1.38066
 675 1 0.0028093256987631321 0.09574359655380249 0.63764436936612034 0.58228145421709854 0.70385658392227923 0.658203125 1.1776810884475708 0.36626207828521729 1.9435747861862183 0.215972900390625 0.0022807000000000001 1.07992
 725 1 0.0019617208745330572 0.099991500377655029 0.8123880721786807 0.73686401563086734 0.90241957854307397 0.84765625 1.5301727056503296 0.46840587258338928 2.5366837978363037 0.27317047119140625 0.133717 0.88865799999999995
 775 1 0.0013899351470172405 0.1046459972858429 1.0387199789326707 0.93861019992079198 1.1603105465548373 1.09765625 1.9989690780639648 0.60008811950683594 3.3273525238037109 0.34837722778320312 0.00064582400000000003 0.74641900000000005
 825 1 0.000995081034488976 0.10835299640893936 1.3808316838228902 1.2480361026746187 1.5522612032703846 1.48046875 2.6961183547973633 0.80445820093154907 4.4877815246582031 0.4684295654296875 -0.00162623 0.64245300000000005
 375 1 0.039348047226667404 0.066891998052597046 0.52670106899999225 0.49425483386268121 0.56433716539100731 0.404296875 0.59284758567810059 0.28064072132110596 0.84399044513702393 0.20767593383789062 0.53969599999999995 3.2934100000000002
 400 1 0.030097154900431633 0.06975170224905014 0.50385504891990562 0.47148271139128206 0.54165473486639926 0.3779296875 0.57828670740127563 0.25150236487388611 0.84814614057540894 0.17936897277832031 0.36307800000000001 3.14988
