 1000 1 0.00032862502848729491 0.12620900571346283 4.0250524830955818 4.0250524830955818 4.0250524830955818 4.328125 7.9510641098022461 2.3262202739715576 13.120491981506348 1.3398590087890625
 127 1 2.5785884857177734 0.039392098784446716 18.316052189359226 18.320909283889613 18.320909283889613 19.4375 39.117092132568359 9.0243520736694336 58.950431823730469 5.18206787109375
 550 1 0.0074576972983777523 0.084927797317504883 0.43722420511201771 0.43722420511201771 0.43722420511201771 0.404296875 0.69115179777145386 0.24092419445514679 1.1074591875076294 0.15082168579101562
 575 1 0.0060735996812582016 0.087560996413230896 0.44368945070279875 0.44368945070279875 0.44368945070279875 0.423828125 0.73129838705062866 0.24670708179473877 1.1886234283447266 0.152313232421875
 600 1 0.0049751335754990578 0.090069301426410675 0.49482624892844324 0.49482624892844324 0.49482624892844324 0.486328125 0.85464781522750854 0.27967986464500427 1.3959505558013916 0.16954994201660156
 625 1 0.0040913070552051067 0.091958999633789062 0.50839414850718079 0.50839414850718079 0.50839414850718079 0.505859375 0.89703655242919922 0.28377208113670349 1.4931595325469971 0.16944313049316406
 650 1 0.0033797072246670723 0.094065003097057343 0.55920631626278428 0.55920631626278428 0.55920631626278428 0.560546875 0.99401348829269409 0.31336602568626404 1.6323782205581665 0.18611907958984375
 675 1 0.0028093256987631321 0.09574359655380249 0.63059687773720396 0.63059687773720396 0.63059687773720396 0.638671875 1.1427350044250488 0.35498201847076416 1.9108823537826538 0.20894050598144531
 700 1 0.0023403449449688196 0.098289400339126587 0.70880100950870006 0.70880100950870006 0.70880100950870006 0.728515625 1.303486704826355 0.40397900342941284 2.1796915531158447 0.23690986633300781
 725 1 0.0019617208745330572 0.099991500377655029 0.79557642586100386 0.79557642586100386 0.79557642586100386 0.82421875 1.4747222661972046 0.45273801684379578 2.4660317897796631 0.26481246948242188
 750 1 0.0016529056010767817 0.10121099650859833 0.93427595017950815 0.93427595017950815 0.93427595017950815 0.96484375 1.7571009397506714 0.52553629875183105 2.9247548580169678 0.30716705322265625
 775 1 0.0013899351470172405 0.1046459972858429 1.0249775146650451 1.0249775146650451 1.0249775146650451 1.07421875 1.9562864303588867 0.5886681079864502 3.2563059329986572 0.34303665161132812
 800 1 0.0011740815825760365 0.10761799663305283 1.2030747100337233 1.2030747100337233 1.2030747100337233 1.26171875 2.2977473735809326 0.6897810697555542 3.8246793746948242 0.40044784545898438
 825 1 0.000995081034488976 0.10835299640893936 1.3670138731401353 1.3670138731401353 1.3670138731401353 1.44921875 2.6392083168029785 0.78842288255691528 4.3930525779724121 0.45995712280273438
 850 1 0.00084536266513168812 0.11001600325107574 1.5381907133440458 1.5381907133440458 1.5381907133440458 1.6328125 2.973555326461792 0.88617372512817383 4.9495849609375 0.51503753662109375
 875 1 0.00072477728826925159 0.11263599991798401 1.8327523222119111 1.8327523222119111 1.8327523222119111 1.9375 3.5593211650848389 1.0464808940887451 5.8734331130981445 0.60357666015625
 900 1 0.00061263097450137138 0.11339999735355377 2.1612718479091186 2.1612718479091186 2.1612718479091186 2.3046875 4.2338700294494629 1.2463092803955078 6.9865436553955078 0.72021484375
 925 1 0.00052728067385032773 0.11694899946451187 2.4750074321830087 2.4750074321830087 2.4750074321830087 2.6328125 4.8366580009460449 1.4220324754714966 7.9812378883361816 0.82018280029296875
 950 1 0.00045007767039351165 0.11702699959278107 2.9214754574044299 2.9214754574044299 2.9214754574044299 3.140625 5.7695446014404297 1.6963117122650146 9.5206460952758789 0.9783782958984375
 975 1 0.00038319962914101779 0.12124399840831757 3.4717988580980235 3.4717988580980235 3.4717988580980235 3.703125 6.8619394302368164 1.9903039932250977 11.226297378540039 1.1463775634765625
 150 1 1.2998802661895752 0.041361201554536819 37.207501900528314 37.203462992779322 37.203462992779322 38.8125 78.108406066894531 12.493258476257324 117.71131134033203 6.689849853515625
 175 1 0.76926201581954956 0.044298999011516571 5.749616515119893 5.749616515119893 5.749616515119893 3.1171875 5.6519370079040527 1.9093582630157471 9.4490137100219727 1.3089752197265625
 200 1 0.45302861928939819 0.047436200082302094 1.6165874798589663 1.6165874798589663 1.6165874798589663 1.05859375 1.6282397508621216 0.72289693355560303 2.467132568359375 0.53136444091796875
 225 1 0.29190570116043091 0.05042169988155365 0.97436618214223503 0.97436618214223503 0.97436618214223503 0.623046875 0.92851632833480835 0.43171969056129456 1.3775917291641235 0.31882476806640625
 250 1 0.19581899046897888 0.053273100405931473 0.63642145779022896 0.63642145779022896 0.63642145779022896 0.423828125 0.63838154077529907 0.28879499435424805 0.93564283847808838 0.20777511596679688
 275 1 0.13571219146251678 0.056023199111223221 0.60568481759642867 0.60568481759642867 0.60568481759642867 0.423828125 0.63838154077529907 0.28982973098754883 0.94072425365447998 0.20943069458007812
 300 1 0.096619896590709686 0.058686699718236923 0.58447498489720251 0.58447498489720251 0.58447498489720251 0.3857421875 0.58101546764373779 0.26361149549484253 0.85618913173675537 0.18910408020019531
 325 1 0.070334389805793762 0.061355400830507278 0.5339330044021855 0.5339330044021855 0.5339330044021855 0.3603515625 0.54564416408538818 0.24538558721542358 0.80136972665786743 0.17524909973144531
 350 1 0.052181292325258255 0.064059801399707794 0.54147254680266388 0.54147254680266388 0.54147254680266388 0.3447265625 0.52198481559753418 0.23082152009010315 0.76251041889190674 0.16361045837402344
 375 1 0.039348047226667404 0.066891998052597046 0.51292635535059228 0.51292635535059228 0.51292635535059228 0.3427734375 0.53269046545028687 0.22384408116340637 0.79347950220108032 0.15598869323730469
 400 1 0.030097154900431633 0.06975170224905014 0.47657501738486974 0.47657501738486974 0.47657501738486974 0.322265625 0.5200885534286499 0.20502291619777679 0.79673159122467041 0.14036178588867188
 425 1 0.023301081731915474 0.072353102266788483 0.42835552382299846 0.42835552382299846 0.42835552382299846 0.3212890625 0.52363520860671997 0.20359271764755249 0.81052577495574951 0.13868141174316406
 450 1 0.018238300457596779 0.074832499027252197 0.4230334432051146 0.4230334432051146 0.4230334432051146 0.3291015625 0.53636801242828369 0.2077147364616394 0.83749055862426758 0.14076805114746094
 475 1 0.014405354857444763 0.077514596283435822 0.42681087377951543 0.42681087377951543 0.42681087377951543 0.3505859375 0.58256274461746216 0.21774405241012573 0.91875874996185303 0.14447975158691406
 500 1 0.011477740481495857 0.080257199704647064 0.4133196669238105 0.4133196669238105 0.4133196669238105 0.3564453125 0.59229916334152222 0.21958839893341064 0.93411409854888916 0.14410972595214844
 525 1 0.0092214504256844521 0.082580298185348511 0.42344155623098956 0.42344155623098956 0.42344155623098956 0.3720703125 0.6301276683807373 0.2240619957447052 1.0021742582321167 0.14243316650390625
