 375 1 0.039348047226667404 0.066891998052597046 0.66863915919589967 0.62478270239792466 0.71642078264513365 0.416015625 0.61998111009597778 0.28719460964202881 0.9198339581489563 0.21369552612304688 1.0132099999999999 2.7739500000000001
 475 1 0.014405354857444763 0.077514596283435822 1.0208147449685709 0.94542448017515557 1.1048973969645524 0.525390625 0.82486546039581299 0.34571355581283569 1.265586256980896 0.24319839477539062 0.96241699999999997 2.2428900000000001
 350 1 0.052181292325258255 0.064059801399707794 0.5649626189988729 0.53110892009022836 0.6033895778060252 0.392578125 0.58505260944366455 0.27588173747062683 0.86325675249099731 0.20702362060546875 0.89067300000000005 2.9479899999999999
 450 1 0.018238300457596779 0.074832499027252197 0.90512667533151414 0.8401379479350497 0.97666045804246904 0.470703125 0.73525333404541016 0.313240647315979 1.121363639831543 0.22340011596679688 0.88291799999999998 2.4232800000000001
 700 1 0.0023403449449688196 0.098289400339126587 1.91388451885883 1.7426539416762195 2.1223819472762155 1.37890625 2.3132908344268799 0.84426867961883545 3.7084264755249023 0.549407958984375 0.70296199999999998 1.0491299999999999
 400 1 0.030097154900431633 0.06975170224905014 0.75854840200743789 0.71048070913021633 0.81512424713391329 0.431640625 0.65703111886978149 0.29644006490707397 0.98223298788070679 0.21666336059570312 0.97107900000000003 2.6173500000000001
 500 1 0.011477740481495857 0.080257199704647064 1.0293765148712704 0.95445138532564544 1.1210586338357962 0.556640625 0.88945960998535156 0.36212301254272461 1.3726365566253662 0.25114059448242188 0.835866 2.08229
 550 1 0.0074576972983777523 0.084927797317504883 1.1370272535568184 1.0461821085611793 1.2421271070538187 0.685546875 1.106370210647583 0.43745768070220947 1.7407221794128418 0.29590988159179688 0.88167700000000004 1.72268
 950 1 0.00045007767039351165 0.11702699959278107 7.7671366744613461 6.9532187087838944 8.7965582155967716 5.984375 10.230382919311523 3.6130790710449219 16.765998840332031 2.349334716796875 0.68035599999999996 0.45577800000000002
 600 1 0.0049751335754990578 0.090069301426410675 1.2897813177527828 1.1842473203468755 1.4194471876638675 0.85546875 1.4078782796859741 0.53542506694793701 2.2190697193145752 0.35588836669921875 0.75803799999999999 1.42937
 800 1 0.0011740815825760365 0.10761799663305283 3.2857773923072058 2.966580370149726 3.6819699134166424 2.4453125 4.1413116455078125 1.4825937747955322 6.6894221305847168 0.9695281982421875 0.72548400000000002 0.78271000000000002
 850 1 0.00084536266513168812 0.11001600325107574 4.2756429105628113 3.8517352612205409 4.8041923150257233 3.234375 5.5292143821716309 1.9445189237594604 8.9269552230834961 1.257110595703125 0.66959900000000006 0.65695400000000004
 750 1 0.0016529056010767817 0.10121099650859833 2.4031386681608482 2.1823606481196549 2.673634762080388 1.8046875 3.0275928974151611 1.0938659906387329 4.8535213470458984 0.7084808349609375 0.68931399999999998 0.90663300000000002
 650 1 0.0033797072246670723 0.094065003097057343 1.5030609907288688 1.3768543069029309 1.6586707472570454 1.05078125 1.7460654973983765 0.64998006820678711 2.7763609886169434 0.42893218994140625 0.72983799999999999 1.2289099999999999
 900 1 0.00061263097450137138 0.11339999735355377 5.7013377727942052 5.1205381258841598 6.4307643441419531 4.359375 7.4524197578430176 2.6208734512329102 12.12266731262207 1.694366455078125 0.66735800000000001 0.55092099999999999
 200 1 0.45302861928939819 0.047436200082302094 2.157267350361455 2.0596031296234405 2.2644826017749096 2.1015625 3.1486773490905762 1.4691152572631836 4.7062931060791016 1.0959320068359375 0.0829598 0.89039599999999997
 150 1 1.2998802661895752 0.041361201554536819 96.702344865088165 92.892496314121843 100.75806646809828 25.125 50.56292724609375 14.522515296936035 76.199592590332031 9.961669921875 2.4642599999999999 0.109027
 1000 1 0.00032862502848729491 0.12620900571346283 10.876043696855787 9.657001207891156 12.445511723783708 8.34375 14.396804809570312 5.0109796524047852 23.571487426757812 3.234832763671875 0.64456899999999995 0.35361900000000002
 275 1 0.13571219146251678 0.056023199111223221 0.48540551371380292 0.45978229570161738 0.51527126739056661 0.396484375 0.58455240726470947 0.28230515122413635 0.84900456666946411 0.21605300903320312 0.66979 3.24979
 300 1 0.096619896590709686 0.058686699718236923 0.48087525249789365 0.4549456584104884 0.51070598585064508 0.3740234375 0.54845565557479858 0.26513966917991638 0.79919612407684326 0.20089149475097656 0.80252000000000001 3.2456499999999999
 725 1 0.0019617208745330572 0.099991500377655029 2.1663134509644637 1.9694631500034372 2.4027752671703118 1.5859375 2.6353256702423096 0.965293288230896 4.224520206451416 0.6287994384765625 0.71795799999999999 0.97095399999999998
 425 1 0.023301081731915474 0.072353102266788483 0.88589669741210764 0.82615700809335102 0.95451035067537882 0.478515625 0.73219764232635498 0.3232002854347229 1.1021183729171753 0.23458480834960938 0.94380200000000003 2.3929800000000001
 525 1 0.0092214504256844521 0.082580298185348511 1.098361046307796 1.0127227364468412 1.196589085033827 0.634765625 1.0244169235229492 0.40978974103927612 1.5976264476776123 0.28142929077148438 0.86689499999999997 1.89228
 127 1 2.5785884857177734 0.039392098784446716 90.109483494769989 86.682962535891974 93.788145631355732 14.1875 28.551704406738281 5.8849029541015625 43.028125762939453 2.8818359375 2.29053 0.86652899999999999
 575 1 0.0060735996812582016 0.087560996413230896 1.2385019045533929 1.1390833223176213 1.3586913183342153 0.779296875 1.2700939178466797 0.49185860157012939 1.983137845993042 0.33333206176757812 0.84722500000000001 1.56779
 625 1 0.0040913070552051067 0.091958999633789062 1.3568297931303996 1.2405222169818 1.490859653583271 0.91015625 1.5123913288116455 0.56528544425964355 2.4048032760620117 0.37508392333984375 0.77635100000000001 1.3615600000000001
 825 1 0.000995081034488976 0.10835299640893936 3.7718242247874851 3.4031306081172099 4.2301541535990523 2.8203125 4.7764005661010742 1.7027697563171387 7.7746467590332031 1.1071929931640625 0.71112600000000004 0.72092500000000004
 775 1 0.0013899351470172405 0.1046459972858429 2.6499148209892565 2.3989660562695523 2.9595176474412352 2.0078125 3.3683609962463379 1.2173373699188232 5.4425721168518066 0.7960662841796875 0.69196299999999999 0.86740700000000004
 675 1 0.0028093256987631321 0.09574359655380249 1.6660859528577219 1.5167009633162745 1.8411681246841507 1.19140625 1.9797396659851074 0.73096704483032227 3.1479184627532959 0.47702789306640625 0.73980100000000004 1.1509
 875 1 0.00072477728826925159 0.11263599991798401 5.0241467202979173 4.5155068772696509 5.6619929045994173 3.765625 6.4373946189880371 2.2663073539733887 10.549884796142578 1.4672698974609375 0.68907600000000002 0.60879899999999998
 175 1 0.76926201581954956 0.044298999011516571 63.294312878955459 60.665764885681696 66.257580689113297 33.8125 50.659759521484375 18.169910430908203 76.331825256347656 10.92962646484375 0 0.058518500000000001
 975 1 0.00038319962914101779 0.12124399840831757 9.5529811186341238 8.5199857491724096 10.870371274917552 7.34375 12.554255485534668 4.4150915145874023 20.574462890625 2.85430908203125 0.68082900000000002 0.39541199999999999
 925 1 0.00052728067385032773 0.11694899946451187 6.6740851659269849 5.9750958553920288 7.5583350599215926 5.078125 8.6811342239379883 3.0497536659240723 14.227023124694824 1.9687652587890625 0.67242299999999999 0.50137200000000004
 225 1 0.29190570116043091 0.05042169988155365 0.74355367809598061 0.70636337914193059 0.78341180764447527 0.638671875 0.93143582344055176 0.45274502038955688 1.3538651466369629 0.34303665161132812 0.48482199999999998 2.4500799999999998
 250 1 0.19581899046897888 0.053273100405931473 0.4787802401208629 0.45359772746480576 0.50557815019453212 0.408203125 0.60182982683181763 0.29064914584159851 0.87409830093383789 0.22243881225585938 0.55741200000000002 3.2268699999999999
 325 1 0.070334389805793762 0.061355400830507278 0.52359120317060803 0.49346373423220319 0.55886253601190083 0.392578125 0.57879328727722168 0.2795238196849823 0.85024905204772949 0.21392440795898438 0.90655399999999997 2.9519899999999999
