 225 1 0.29190570116043091 0.05042169988155365 0.70688413126094019 0.67306493265252232 0.74303345684070332 0.705078125 1.0507661104202271 0.49115872383117676 1.5418850183486938 0.36493301391601562 0 2.1728900000000002
 175 1 0.76926201581954956 0.044298999011516571 32.66790332066352 31.335193288988965 34.256834160195886 32.625 46.019599914550781 21.542823791503906 67.835098266601562 14.082275390625 0 0.090836399999999998
 350 1 0.052181292325258255 0.064059801399707794 0.39575195282023312 0.37108421476510517 0.42177128952073589 0.396484375 0.60351723432540894 0.26878064870834351 0.90693622827529907 0.19591903686523438 0 3.0072700000000001
 325 1 0.070334389805793762 0.061355400830507278 0.40964126646149168 0.38612220248778639 0.43654242287790945 0.408203125 0.61810100078582764 0.28184801340103149 0.92239058017730713 0.2072906494140625 0 3.0053999999999998
 675 1 0.0028093256987631321 0.09574359655380249 1.2816532512894547 1.1710623545311609 1.4186113649682046 1.28515625 2.0740501880645752 0.8370203971862793 3.2632341384887695 0.58986663818359375 0 1.29088
 700 1 0.0023403449449688196 0.098289400339126587 1.5040135400184005 1.3696083319992238 1.6697156443101979 1.50390625 2.4270799160003662 0.98138511180877686 3.8522107601165771 0.693206787109375 0 1.15811
 625 1 0.0040913070552051067 0.091958999633789062 0.943487833291762 0.86441648010549932 1.0378813612443829 0.94140625 1.5192890167236328 0.61550664901733398 2.4113838672637939 0.43576812744140625 0 1.5748500000000001
 775 1 0.0013899351470172405 0.1046459972858429 2.2824060929069527 2.0671894279911691 2.5500661312352673 2.2734375 3.6689884662628174 1.4835484027862549 5.8740324974060059 1.04791259765625 0 0.85609199999999996
 450 1 0.018238300457596779 0.074832499027252197 0.42106540358695765 0.39160537060067635 0.45564161335268022 0.419921875 0.67099589109420776 0.27840262651443481 1.044965386390686 0.19765853881835938 0 2.5507599999999999
 525 1 0.0092214504256844521 0.082580298185348511 0.58294981911771315 0.53839859500401799 0.63453022150094851 0.583984375 0.93315237760543823 0.38181847333908081 1.4663974046707153 0.27032089233398438 0 2.0998899999999998
 475 1 0.014405354857444763 0.077514596283435822 0.4740690233055595 0.44049854957569895 0.51451704240612006 0.474609375 0.75838136672973633 0.31150221824645996 1.1810538768768311 0.22154617309570312 0 2.3793099999999998
 575 1 0.0060735996812582016 0.087560996413230896 0.74474756612150583 0.68465759649344859 0.81614768095214296 0.744140625 1.2009317874908447 0.48653119802474976 1.8895018100738525 0.34445571899414062 0 1.8053399999999999
 725 1 0.0019617208745330572 0.099991500377655029 1.8041348477764299 1.6408784588297625 2.0048311026149603 1.8046875 2.8837218284606934 1.179934024810791 4.5722980499267578 0.8353729248046875 0 1.00963
 650 1 0.0033797072246670723 0.094065003097057343 1.1231613640305711 1.0271338398228027 1.2406611091270445 1.12109375 1.8092777729034424 0.73298931121826172 2.8716480731964111 0.51894378662109375 0 1.4045799999999999
 750 1 0.0016529056010767817 0.10121099650859833 2.0500881458665181 1.8565804818041709 2.2797883566072632 2.0546875 3.3159587383270264 1.3338726758956909 5.2172074317932129 0.9430694580078125 0 0.92208900000000005
 600 1 0.0049751335754990578 0.090069301426410675 0.84097592379279196 0.77291763861870844 0.92409624050837169 0.83984375 1.3553823232650757 0.5491034984588623 2.1325085163116455 0.38875579833984375 0 1.68682
 425 1 0.023301081731915474 0.072353102266788483 0.42482015640351861 0.39622459506136226 0.45800478971001163 0.423828125 0.66879069805145264 0.28204655647277832 1.0320770740509033 0.20115280151367188 0 2.5766499999999999
 400 1 0.030097154900431633 0.06975170224905014 0.40024937140180128 0.37427754193425855 0.43030731683522927 0.400390625 0.62223106622695923 0.26794329285621643 0.95243561267852783 0.19237518310546875 0 2.7552300000000001
 550 1 0.0074576972983777523 0.084927797317504883 0.63560923809233216 0.58729289872224333 0.69490027698509382 0.634765625 1.0244169235229492 0.41502004861831665 1.6117798089981079 0.29382705688476562 0 1.97536
 500 1 0.011477740481495857 0.080257199704647064 0.50742192060953217 0.46959921107388303 0.55245192562301848 0.509765625 0.81455779075622559 0.33329302072525024 1.2685393095016479 0.23596572875976562 0 2.26519
 127 1 2.5785884857177734 0.039392098784446716 40.271198554889509 38.74183445635645 41.89138058929062 40.125 80.749755859375 11.56581974029541 121.69188690185547 4.32989501953125 0 0.402281
 275 1 0.13571219146251678 0.056023199111223221 0.436225965844939 0.41416752030174858 0.4622388669864354 0.435546875 0.64908820390701294 0.30340278148651123 0.95774251222610474 0.22542953491210938 0 3.0171899999999998
 825 1 0.000995081034488976 0.10835299640893936 3.3404560979633007 3.0089289628579863 3.7413466393365788 3.328125 5.3710966110229492 2.1759819984436035 8.5248928070068359 1.540557861328125 0 0.62890000000000001
 875 1 0.00072477728826925159 0.11263599991798401 4.5379603418761389 4.0768315036807241 5.110419849345881 4.53125 7.3127603530883789 2.9569005966186523 11.606660842895508 2.088623046875 0 0.48601800000000001
 925 1 0.00052728067385032773 0.11694899946451187 6.2746917121756365 5.6068636077211629 7.1058223657028927 6.28125 10.136999130249023 4.0776944160461426 16.0892333984375 2.88299560546875 0 0.36646800000000002
 975 1 0.00038319962914101779 0.12124399840831757 8.7562280622965787 7.8185853766414413 9.9539616370889732 8.78125 14.171625137329102 5.6820993423461914 22.492908477783203 4.03045654296875 0 0.27178400000000003
 300 1 0.096619896590709686 0.058686699718236923 0.39560222644462284 0.37383261225605097 0.41969971731642652 0.396484375 0.59087401628494263 0.27424371242523193 0.87664926052093506 0.20211410522460938 0 3.1857600000000001
 375 1 0.039348047226667404 0.066891998052597046 0.39350941144411411 0.36913769301168098 0.42092177439132533 0.392578125 0.60696029663085938 0.26466795802116394 0.92328888177871704 0.19168853759765625 0 2.8836400000000002
 800 1 0.0011740815825760365 0.10761799663305283 2.8157949001246703 2.543649542252306 3.1509557986915109 2.8203125 4.5515627861022949 1.8368654251098633 7.2241458892822266 1.2944793701171875 0 0.72309800000000002
 850 1 0.00084536266513168812 0.11001600325107574 3.8066684808991575 3.4344687333059714 4.2752337659736765 3.796875 6.1275887489318848 2.4824585914611816 9.725581169128418 1.757537841796875 0 0.563361
 200 1 0.45302861928939819 0.047436200082302094 2.0056761237157792 1.915059943023421 2.106171260867904 2.0078125 3.0722415447235107 1.3711035251617432 4.7191867828369141 1.0078277587890625 0 0.94315899999999997
 150 1 1.2998802661895752 0.041361201554536819 16.345427080118732 15.659967587753059 17.0074902885728 16.3125 32.828170776367188 8.6678829193115234 49.472869873046875 5.55963134765625 0 0.239481
 250 1 0.19581899046897888 0.053273100405931473 0.45724640885798334 0.43477019235628883 0.48292524729282416 0.458984375 0.68035769462585449 0.31860178709030151 1.0072934627532959 0.23576736450195312 0 2.9527899999999998
 1000 1 0.00032862502848729491 0.12620900571346283 10.325036292354639 9.1697790786979052 11.840461629918746 10.34375 16.693267822265625 6.7368688583374023 26.495204925537109 4.74761962890625 0 0.232991
 900 1 0.00061263097450137138 0.11339999735355377 5.2956791031356989 4.7578887660320275 5.9659203625547113 5.296875 8.5483646392822266 3.4498467445373535 13.56778621673584 2.431182861328125 0 0.42582100000000001
 950 1 0.00045007767039351165 0.11702699959278107 7.2298186715219579 6.4830113788787163 8.1875289614475015 7.21875 11.649984359741211 4.7015609741210938 18.651567459106445 3.31329345703125 0 0.32328600000000002
