 525 1 0.0092214504256844521 0.082580298185348511 0.43174515046848472 0.39898086760157853 0.47004344344601257 0.404296875 0.67181330919265747 0.24601368606090546 1.0595157146453857 0.15871810913085938 0 2.2192400000000001
 475 1 0.014405354857444763 0.077514596283435822 0.43297875691727478 0.40184331575829113 0.46942821152116943 0.3740234375 0.60958147048950195 0.23606747388839722 0.95180678367614746 0.15998268127441406 0 2.5291399999999999
 500 1 0.011477740481495857 0.080257199704647064 0.43383876899378959 0.40168525974146485 0.4717104255438811 0.3876953125 0.63804525136947632 0.24079218506813049 1.0056743621826172 0.15977287292480469 0 2.4044500000000002
 450 1 0.018238300457596779 0.074832499027252197 0.44398414138030046 0.41368397862752626 0.47984386011911606 0.3623046875 0.584705650806427 0.2306143194437027 0.89571946859359741 0.15921592712402344 0.114958 2.7448999999999999
 700 1 0.0023403449449688196 0.098289400339126587 0.73819101798370568 0.67255714342473205 0.82050711181459346 0.771484375 1.3680672645568848 0.42880091071128845 2.2619326114654541 0.25238990783691406 0 1.2289099999999999
 800 1 0.0011740815825760365 0.10761799663305283 1.2233052827634148 1.1043838458554076 1.3684453108201471 1.30078125 2.3688850402832031 0.70681947469711304 3.9430904388427734 0.4115753173828125 0 0.90680700000000003
 750 1 0.0016529056010767817 0.10121099650859833 0.91725526556309434 0.83400002614794944 1.0204363219383952 0.97265625 1.7558202743530273 0.53364300727844238 2.9107568264007568 0.311553955078125 0 1.06027
 550 1 0.0074576972983777523 0.084927797317504883 0.44563914037083829 0.41084285974811485 0.48642849241494723 0.427734375 0.73121857643127441 0.25225076079368591 1.1716597080230713 0.15872955322265625 0 2.0030999999999999
 675 1 0.0028093256987631321 0.09574359655380249 0.65442715036284105 0.59811523201921535 0.72321102683555893 0.677734375 1.2018212080001831 0.37756732106208801 1.9870649576187134 0.22304344177246094 0 1.3371900000000001
 600 1 0.0049751335754990578 0.090069301426410675 0.49089791568270258 0.45037629094801268 0.54030527820469088 0.490234375 0.85369610786437988 0.28192627429962158 1.3961712121963501 0.17091178894042969 0 1.7431700000000001
 975 1 0.00038319962914101779 0.12124399840831757 3.5376852230286353 3.1550543392119845 4.025911060605841 3.828125 7.0325298309326172 2.0549826622009277 11.604766845703125 1.18133544921875 0 0.47069499999999997
 850 1 0.00084536266513168812 0.11001600325107574 1.607135162976457 1.4447039128672474 1.8054222088728185 1.7265625 3.1442859172821045 0.93592828512191772 5.233771800994873 0.5429229736328125 0 0.76630900000000002
 900 1 0.00061263097450137138 0.11339999735355377 2.174826527999933 1.9533352557560395 2.4530203655330864 2.3359375 4.2912783622741699 1.2601609230041504 7.0812764167785645 0.7254180908203125 0 0.64882399999999996
 150 1 1.2998802661895752 0.041361201554536819 2741.0055917712511 2312.0404330184483 2128.0562910409726 206 414.56570434570312 39.461021423339844 624.76080322265625 22.4306640625 1.42642 0.11475299999999999
 200 1 0.45302861928939819 0.047436200082302094 5.6137552371935779 5.3595076939008148 5.893348806410116 3.9765625 8.0026521682739258 2.3730981349945068 12.060196876525879 1.70867919921875 1.1717 0.93346899999999999
 250 1 0.19581899046897888 0.053273100405931473 0.72769342652817848 0.69119753650603788 0.76698246963091266 0.529296875 0.74660629034042358 0.39722302556037903 1.0398602485656738 0.31530380249023438 1.2255499999999999 3.15781
 1000 1 0.00032862502848729491 0.12620900571346283 4.0941478868097683 3.6352229453630329 4.6856235917274152 4.421875 8.1937923431396484 2.3766076564788818 13.405241012573242 1.3688812255859375 0 0.41931000000000002
 300 1 0.096619896590709686 0.058686699718236923 0.58091538200475623 0.5477156222506846 0.6169149418490425 0.447265625 0.62733042240142822 0.32951852679252625 0.87634718418121338 0.26119613647460938 1.0091600000000001 3.35242
 350 1 0.052181292325258255 0.064059801399707794 0.56158088998770883 0.52730860028011317 0.59879676565162487 0.423828125 0.61810880899429321 0.30044549703598022 0.87747746706008911 0.22764205932617188 0.67046300000000003 3.2012900000000002
 400 1 0.030097154900431633 0.06975170224905014 0.47645822339940497 0.44598324644339626 0.51209921304664485 0.3701171875 0.56928306818008423 0.24538278579711914 0.83216941356658936 0.17421531677246094 0.31439299999999998 2.9707599999999998
 225 1 0.29190570116043091 0.05042169988155365 1.0335314590596758 0.98534233721041808 1.0881526905480852 0.79296875 1.1438183784484863 0.58029156923294067 1.6636847257614136 0.45688629150390625 1.06498 2.4705300000000001
 127 1 2.5785884857177734 0.039392098784446716 6879.1037702747926 126.01818752407596 125.88561162006519 509 1024.3394775390625 28.32666015625 1543.7052001953125 6.61724853515625 2.0616500000000002 0.52876100000000004
 175 1 0.76926201581954956 0.044298999011516571 198.08080659218865 280.39601054179195 306.94276086105083 133.25 232.04208374023438 87.86822509765625 403.84103393554688 60.63916015625 0 0.0323028
 275 1 0.13571219146251678 0.056023199111223221 0.60271312749314365 0.57197892110389748 0.6395578915934983 0.4609375 0.6354825496673584 0.34703242778778076 0.86592942476272583 0.2763824462890625 1.09633 3.4316499999999999
 325 1 0.070334389805793762 0.061355400830507278 0.56805977714626377 0.53422883586718495 0.60496419807734747 0.435546875 0.62131047248840332 0.3205658495426178 0.87124907970428467 0.24924850463867188 0.87953199999999998 3.1835599999999999
 375 1 0.039348047226667404 0.066891998052597046 0.51454824652033615 0.48287888082576119 0.5514046227039765 0.390625 0.57902783155441284 0.26923120021820068 0.82873332500457764 0.197601318359375 0.49046899999999999 3.0434600000000001
 825 1 0.000995081034488976 0.10835299640893936 1.3915570125996881 1.2577776564751377 1.5642873054992432 1.48828125 2.710345983505249 0.80773252248764038 4.5114636421203613 0.46944808959960938 0 0.83959600000000001
 725 1 0.0019617208745330572 0.099991500377655029 0.82224601021124566 0.74576614040072653 0.91242369708244708 0.86328125 1.544614315032959 0.47870969772338867 2.5660223960876465 0.28073501586914062 0 1.1403700000000001
 775 1 0.0013899351470172405 0.1046459972858429 1.0105367270205281 0.91490093060476485 1.1299237358674381 1.078125 1.9462103843688965 0.59080874919891357 3.2471969127655029 0.3442840576171875 0 1.01414
 425 1 0.023301081731915474 0.072353102266788483 0.47041521177513934 0.43839753766396966 0.50605790880444457 0.3759765625 0.59028476476669312 0.24692967534065247 0.87974834442138672 0.17330169677734375 0.23258899999999999 2.7846799999999998
 625 1 0.0040913070552051067 0.091958999633789062 0.52740258044492094 0.48216260211034512 0.58096355947008715 0.533203125 0.92852205038070679 0.30117359757423401 1.529370903968811 0.18172645568847656 0 1.6135200000000001
 650 1 0.0033797072246670723 0.094065003097057343 0.58549687009074958 0.53512862295343755 0.64603198487006364 0.599609375 1.0632827281951904 0.3363630473613739 1.7461327314376831 0.20084571838378906 0 1.44757
 575 1 0.0060735996812582016 0.087560996413230896 0.47858838245677332 0.44057529303941217 0.52543151013738387 0.462890625 0.79131877422332764 0.27032971382141113 1.2775895595550537 0.16770744323730469 0 1.8400399999999999
 875 1 0.00072477728826925159 0.11263599991798401 1.8442773340304486 1.6578529561311806 2.0782922775645036 1.984375 3.6454339027404785 1.074387788772583 6.0155324935913086 0.6220550537109375 0 0.72135899999999997
 925 1 0.00052728067385032773 0.11694899946451187 2.4844125420768974 2.2242488595660892 2.8135194878907503 2.6484375 4.9075894355773926 1.4305880069732666 8.0289344787597656 0.81987762451171875 0 0.58992500000000003
 950 1 0.00045007767039351165 0.11702699959278107 2.9044928659341567 2.6001449866989113 3.2895615513346224 3.125 5.7408404350280762 1.6795814037322998 9.4732789993286133 0.9674072265625 0 0.53866800000000004
