2.6667				1e-06			219.6667	0.0001015293
3				1e-06			220		0.0001038083
3.3333				2e-06			220.3333	0.0001061348
3.6667				3e-06			220.6667	0.0001085098
4				4e-06			221		0.0001109341
4.333299999999999		6e-06			221.3333	0.0001134086
4.6667				9e-06			221.6667	0.0001159344
5				1.2e-05			222		0.0001185152
5.333299999999999		1.7e-05			222.3333	0.0001211465
5.666700000000001		2.3e-05			222.6667	0.0001238319
6				3e-05			223		0.0001265727
6.333299999999999		3.8e-05			223.3333	0.0001293696
6.666700000000001		4.9e-05			223.6667	0.0001322239
7.000000000000001		6.1e-05			224		0.0001351366
7.333299999999999		7.6e-05			224.3333	0.0001381088
7.6667				9.3e-05			224.6667	0.0001411416
8				0.000114		225	        0.0001442362
8.333299999999999		0.000137		225.3333	0.0001473936
8.666699999999999		0.000165		225.6667	0.0001506151
9				0.000196		226		0.0001539019
9.333299999999999		0.000231		226.3333	0.0001572551
9.666700000000001		0.000271		226.6667	0.000160676
10				0.000317		227		0.0001641658
10.3333				0.000367		227.3333	0.0001677258
10.6667				0.000424		227.6667	0.0001713573
11				0.000487		228		0.0001750616
11.3333				0.000556		228.3333	0.0001788441
11.6667				0.000633		228.6667	0.0001826981
12				0.000718		229		0.0001866289
12.3333				0.000811		229.3333	0.000190638
12.6667				0.000913		229.6667	0.0001947268
13				0.001023		230		0.0001988968
13.3333				0.001144		230.3333	0.0002031493
13.6667				0.001274		230.6667	0.0002074859
14				0.001416		231		0.0002119081
14.3333				0.001568		231.3333	0.0002164174
14.6667				0.001732		231.6667	0.0002210154
15				0.001909		232		0.0002257037
15.3333				0.002099		232.3333	0.0002304839
15.6667				0.002301		232.6667	0.0002353576
16				0.002518		233		0.0002403265
16.3333				0.002749		233.3333	0.0002453923
16.6667				0.002996		233.6667	0.0002505567
17				0.003257		234		0.0002558214
17.3333				0.003535		234.3333	0.0002611883
17.6667				0.00383			234.6667	0.0002666649
18				0.004141		235		0.0002722415
18.3333				0.004471		235.3333	0.0002779257
18.6667				0.004819		235.6667	0.0002837193
19				0.005185		236		0.0002896244
19.3333				0.005571		236.3333	0.0002956427
19.6667				0.005977		236.6667	0.0003017764
20				0.006403		237		0.0003080273
20.3333				0.00685			237.3333	0.0003143976
20.6667				0.007319		237.6667	0.0003208892
21				0.00781			238		0.0003275043
21.3333				0.008323000000000001	238.3333	0.000334245
21.6667				0.008859000000000001	238.6667	0.0003411135
22				0.009417999999999999	239		0.0003481119
22.3333				0.010001		239.3333	0.0003552424
22.6667				0.010609		239.6667	0.0003625073
23				0.011242		240		0.0003699089
23.3333				0.0119			240.3333	0.0003774496
23.6667				0.012583		240.6667	0.0003851398
24				0.013293		241		0.0003929657
24.3333				0.01403			241.3333	0.0004009378
24.6667				0.014793		241.6667	0.0004090585
25				0.015584		242		0.0004173303
25.3333				0.016403		242.3333	0.0004257558
25.6667				0.01725			242.6667	0.0004343376
26				0.018126		243		0.0004430781
26.3333				0.01903			243.3333	0.0004519801
26.6667				0.019964		243.6667	0.0004610463
27				0.020928		244		0.0004702793
27.3333				0.021921		244.3333	0.000479682
27.6667				0.022945		244.6667	0.000489257
28				0.023999		245		0.0004990074
28.3333				0.025084		245.3333	0.0005089358
28.6667				0.0262			245.6667	0.0005190451999999999
29				0.027348		246		0.0005293387
29.3333				0.028527		246.3333	0.0005398191
29.6667				0.029738		246.6667	0.0005504896
30				0.030981		247		0.0005613647
30.3333				0.032256		247.3333	0.0005724247
30.6667				0.033564		247.6667	0.0005836841
31				0.034904		248		0.000595146
31.3333				0.036277		248.3333	0.0006068138
31.6667				0.037683		248.6667	0.0006186908
32				0.039122		249		0.0006307802
32.3333				0.040595		249.3333	0.0006430855
32.6667				0.0421			249.6667	0.0006556101
33				0.043639		250		0.0006683575
33.3333				0.045212		250.3333	0.0006813311
33.6667				0.046818		250.6667	0.0006945346
34				0.048457		251		0.0007079716
34.3333				0.05013			251.3333	0.0007216456999999999
34.6667				0.051837		251.6667	0.0007355607
35				0.053577		252		0.0007497203
35.3333				0.055351		252.3333	0.0007641283
35.6667				0.057159		252.6667	0.0007787886
36				0.059			253		0.0007937051000000001
36.3333				0.060875		253.3333	0.0008088979
36.6667				0.06278300000000001	253.6667	0.000824339
37				0.064724		254		0.0008400482
37.3333				0.06669899999999999	254.3333	0.0008560298
37.6667				0.068706		254.6667	0.0008722879
38				0.070747		255		0.0008888267
38.3333				0.072821		255.3333	0.0009056505
38.6667				0.07492699999999999	255.6667	0.0009227636
39				0.077066		256		0.0009401703
39.3333				0.079238		256.3333	0.0009578752
39.6667				0.081441		256.6667	0.0009758826
40				0.083677		257		0.0009941971000000001
40.3333				0.08594400000000001	257.3333	0.001012823
40.66670000000001		0.088243		257.6667	0.001031766
41				0.090573		258		0.00105103
41.3333				0.092935		258.3333	0.001070619
41.6667				0.095327		258.6667	0.001090539
42				0.097749		259		0.001110795
42.33329999999999		0.100202		259.3333	0.001131391
0				0			259.6667	0.001152355
0				0			260		0.001173648
0				0			260.3333	0.001195296
0				0			260.6667	0.001217305
0				0			261		0.00123968
0				0			261.3333	0.001262426
0				0			261.6667	0.001285549
0				0			262		0.001309054
0				0			262.3333	0.001332946
0				0			262.6667	0.001357232
0				0			263		0.001381916
0				0			263.3333	0.001407005
0				0			263.6667	0.001432503
0				0			264		0.001458418
0				0			264.3333	0.001484754
0				0			264.6667	0.001511517
0				0			265		0.001538715
0				0			265.3333	0.001566351
0				0			265.6667	0.001594464
0				0			266		0.001622999
0				0			266.3333	0.001651992
0				0			266.6667	0.001681449
0				0			267		0.001711377
0				0			267.3333	0.001741782
0				0			267.6667	0.001772671
0				0			268		0.00180405
0				0			268.3333	0.001835926
0				0			268.6667	0.001868306
0				0			269		0.001901195
0				0			269.3333	0.001934602
0				0			269.6667	0.001968533
0				0			270		0.002002995
0				0			270.3333	0.002037995
0				0			270.6667	0.002073541
0				0			271		0.002109638
0				0			271.3333	0.002146295
0				0			271.6667	0.002183519
0				0			272		0.002221357
0				0			272.3333	0.002259737
0				0			272.6667	0.002298707
0				0			273		0.002338273
0				0			273.3333	0.002378444
0				0			273.6667	0.002419226
0				0			274		0.002460629
0				0			274.3333	0.002502659
0				0			274.6667	0.002545325
0				0			275		0.002588635
0				0			275.3333	0.002632596
0				0			275.6667	0.002677217
0				0			276		0.002722506
0				0			276.3333	0.002768472
0				0			276.6667	0.002815122
0				0			277		0.002862465
0				0			277.3333	0.00291051
0				0			277.6667	0.002959265
0				0			278		0.003008738
0				0			278.3333	0.003058993
0				0			278.6667	0.00310993
0				0			279		0.003161613
0				0			279.3333	0.003214049
0				0			279.6667	0.003267249
0				0			280		0.00332122
0				0			280.3333	0.003375971
0				0			280.6667	0.003431513
0				0			281		0.003487854
0				0			281.3333	0.003545004
0				0			281.6667	0.003602971
0				0			282		0.003661766
0				0			282.3333	0.003721397
0				0			282.6667	0.003781875
0				0			283		0.003843208
0				0			283.3333	0.003905407
0				0			283.6667	0.003968482
0				0			284		0.004032441
0				0			284.3333	0.004097295
0				0			284.6667	0.004163124
0				0			285		0.004229799
0				0			285.3333	0.004297399
0				0			285.6667	0.004365934
0				0			286		0.004435414
0				0			286.3333	0.004505849
0				0			286.6667	0.00457725
0				0			287		0.004649627
0				0			287.3333	0.00472299
0				0			287.6667	0.004797349
0				0			288		0.004872717
0				0			288.3333	0.004949102
0				0			288.6667	0.005026515
0				0			289		0.005104967
0				0			289.3333	0.00518447
0				0			289.6667	0.005265033
0				0			290		0.005346667
0				0			290.3333	0.005429383
0				0			290.6667	0.005513282
0				0			291		0.005598197
0				0			291.3333	0.005684227
0				0			291.6667	0.005771383
0				0			292		0.005859676
0				0			292.3333	0.005949117
0				0			292.6667	0.006039718
0				0			293		0.00613149
0				0			293.3333	0.006224444
0				0			293.6667	0.006318591
0				0			294		0.006413943
0				0			294.3333	0.00651051
0				0			294.6667	0.006608305
0				0			295		0.006707339
0				0			295.3333	0.006807623
0				0			295.6667	0.006909168
0				0			296		0.007011987
0				0			296.3333	0.007116091
0				0			296.6667	0.007221491
0				0			297		0.007328313
0				0			297.3333	0.007436342
0				0			297.6667	0.007545702
0				0			298		0.007656405
0				0			298.3333	0.007768462
0				0			298.6667	0.007881885999999999
0				0			299		0.007996688
0				0			299.3333	0.008112879999999999
0				0			299.6667	0.008230473
0				0			300		0.008349479
0				0			300.3333	0.008469910000000001
0				0			300.6667	0.008591778
0				0			301		0.008715094
0				0			301.3333	0.008839870999999999
0				0			301.6667	0.008966119
0				0			302		0.009093851999999999
0				0			302.3333	0.00922308
0				0			302.6667	0.009353815
0				0			303		0.009486069
0				0			303.3333	0.009619997
0				0			303.6667	0.009755326
0				0			304		0.00989221
0				0			304.3333	0.01003066
0				0			304.6667	0.01017069
0				0			305		0.0103123
0				0			305.3333	0.01045552
0				0			305.6667	0.01060035
0				0			306		0.01074681
0				0			306.3333	0.0108949
0				0			306.6667	0.01104464
0				0			307		0.01119604
0				0			307.3333	0.0113491
0				0			307.6667	0.01150385
0				0			308		0.0116603
0				0			308.3333	0.01181845
0				0			308.6667	0.01197831
0				0			309		0.0121399
0				0			309.3333	0.01230324
0				0			309.6667	0.01246849
0				0			310		0.01263534
0				0			310.3333	0.01280395
0				0			310.6667	0.01297435
0				0			311		0.01314655
0				0			311.3333	0.01332055
0				0			311.6667	0.01349636
0				0			312		0.01367401
0				0			312.3333	0.01385349
0				0			312.6667	0.01403482
0				0			313		0.014218
0				0			313.3333	0.01440306
0				0			313.6667	0.01459
0				0			314		0.01477883
0				0			314.3333	0.01496956
0				0			314.6667	0.0151622
0				0			315		0.01535676
0				0			315.3333	0.01555325
0				0			315.6667	0.0157519
0				0			316		0.01595228
0				0			316.3333	0.01615463
0				0			316.6667	0.01635895
0				0			317		0.01656525
0				0			317.3333	0.01677354
0				0			317.6667	0.01698383
0				0			318		0.01719612
0				0			318.3333	0.01741044
0				0			318.6667	0.01762678
0				0			319		0.01784515
0				0			319.3333	0.01806557
0				0			319.6667	0.01828805
0				0			320		0.01851258
0				0			320.3333	0.01873919
0				0			320.6667	0.01896787
0				0			321		0.01919864
0				0			321.3333	0.01943151
0				0			321.6667	0.01966648
0				0			322		0.01990381
0				0			322.3333	0.02014301
0				0			322.6667	0.02038434
0				0			323		0.0206278
0				0			323.3333	0.0208734
0				0			323.6667	0.02112115
0				0			324.0000000000001	0.02137105
0				0			324.3333		0.02162312
0				0			324.6667		0.02187735
0				0			325			0.02213376
0				0			325.3333		0.02239235
0				0			325.6667		0.02265313
0				0			325.9999999999999	0.02291611
0				0			326.3333		0.02318128
0				0			326.6667		0.02344866
0				0			327			0.02371825
0				0			327.3333		0.02399006
0				0			327.6667		0.02426408
0				0			328			0.02454034
0				0			328.3333		0.02481913
0				0			328.6667		0.02509985
0				0			329			0.02538282
0				0			329.3333		0.02566804
0				0			329.6667		0.02595551
0				0			330			0.02624523
0				0			330.3333		0.02653721
0				0			330.6667		0.02683145
0				0			331			0.02712796
0				0			331.3333		0.02742674
0				0			331.6667		0.02772779
0				0			332			0.02803112
0				0			332.3333		0.02833672
0				0			332.6667		0.0286446
0				0			333			0.02895477
0				0			333.3333		0.02926723
0				0			333.6667		0.02958197
0				0			334			0.029899
0				0			334.3333		0.03021833
0				0			334.6667		0.03054029
0				0			335			0.0308642
0				0			335.3333		0.03119041
0				0			335.6667		0.03151892
0				0			336			0.03184972
0				0			336.3333		0.03218282
0				0			336.6667		0.03251822
0				0			337			0.03285592
0				0			337.3333		0.03319592
0				0			337.6667		0.03353821
0				0			338			0.03388281
0				0			338.3333		0.0342297
0				0			338.6667		0.03457889
0				0			339			0.03493037
0				0			339.3333		0.03528415
0				0			339.6667		0.03564021
0				0			340			0.03599858
0				0			340.3333		0.03635923
0				0			340.6667		0.03672255
0				0			341			0.03708777
0				0			341.3333		0.03745528
0				0			341.6667		0.03782507
0				0			342			0.03819714
0				0			342.3333		0.03857148
0				0			342.6667		0.03894809
0				0			343			0.03932697
0				0			343.3333		0.03970812
0				0			343.6667		0.04009152
0				0			344			0.04047718
0				0			344.3333		0.0408651
0				0			344.6667		0.04125526
0				0			345			0.04164767
0				0			345.3333		0.04204232
0				0			345.6667		0.0424392
0				0			346			0.0428383
0				0			346.3333		0.04323964
0				0			346.6667		0.04364319
0				0			347			0.04404938
0				0			347.3333		0.04445735
0				0			347.6667		0.04486753
0				0			348			0.04527989
0				0			348.3333		0.04569445
0				0			348.6667		0.04611119
0				0			349.0000000000001	0.0465301
0				0			349.3333		0.04695118
0				0			349.6667		0.04737442
0				0			350			0.04779981
0				0			350.3333		0.04822735
0				0			350.6667		0.04865702
0				0			350.9999999999999	0.04908883
0				0			351.3333		0.04952276
0				0			351.6667		0.0499588
0				0			352			0.05039695
0				0			352.3333		0.05083719
0				0			352.6667		0.05127953
0				0			353			0.05172394
0				0			353.3333		0.0521709
0				0			353.6667		0.05261945
0				0			354			0.05307005
0				0			354.3333		0.05352269
0				0			354.6667		0.05397737
0				0			355			0.05443407
0				0			355.3333		0.05489278
0				0			355.6667		0.0553535
0				0			356			0.0558162
0				0			356.3333		0.0562809
0				0			356.6667		0.05674756
0				0			357			0.05721619
0				0			357.3333		0.05768676
0				0			357.6667		0.05815928
0				0			358			0.05863372
0				0			358.3333		0.05911009
0				0			358.6667		0.05958836
0				0			359			0.06006852
0				0			359.3333		0.06055057
0				0			359.6667		0.061035
0				0			360			0.06152078
0				0			360.3333		0.06200841
0				0			360.6667		0.06249787
0				0			361			0.06298916
0				0			361.3333		0.06348226
0				0			361.6667		0.06397716000000001
0				0			362			0.06447385
0				0			362.3333		0.06497231000000001
0				0			362.6667		0.06547253
0				0			363			0.06597450000000001
0				0			363.3333		0.0664782
0				0			363.6667		0.06698363
0				0			364			0.06749077000000001
0				0			364.3333		0.06799959999999999
0				0			364.6667		0.06851011999999999
