0	1e-06	0	1e-06	0	1e-06
0.03333	1e-06	0.03333	1e-06	0.03333	1e-06
0.06667000000000001	1e-06	0.06667000000000001	1e-06	0.06667000000000001	1e-06
0.1			1e-06	0.1			1e-06	0.1			1e-06
0.13333			1e-06	0.13333			1e-06	0.13333			1e-06
0.16667			1e-06	0.16667			1e-06	0.16667			1e-06
0.2			1e-06	0.2			1e-06	0.2			1e-06
0.23333			1e-06	0.23333			1e-06	0.23333			1e-06
0.26667			1e-06	0.26667			1e-06	0.26667			1e-06
0.3			1e-06	0.3			1e-06	0.3			1e-06
0.33333			8e-06	0.33333			1e-06	0.33333			1e-06
0.36667			1.2e-05	0.36667			1e-06	0.36667			1e-06
0.4			1.8e-05	0.4			1e-06	0.4			1e-06
0.43333			2.6e-05	0.43333			1e-06	0.43333			1e-06
0.46667			3.7e-05	0.46667			1e-06	0.46667			1e-06
0.5			5.2e-05	0.5			1e-06	0.5			1e-06
0.53333			6.999999999999999e-05		0.53333	1e-06			0.53333	1e-06
0.56667			9.2e-05				0.56667	1e-06			0.56667	1e-06
0.6			0.000121			0.6	1e-06			0.6	1e-06
0.6333299999999999	0.000155			0.6333299999999999		1e-06	0.6333299999999999	7e-06
0.6666700000000001	0.000196			0.6666700000000001		6e-06	0.6666700000000001	9e-06
0.7000000000000001	0.000245			0.7000000000000001		8e-06	0.7000000000000001	1.1e-05
0.7333299999999999	0.000302			0.7333299999999999		1e-05	0.7333299999999999	1.4e-05
0.76667			0.00037				0.76667				1.2e-05	0.76667			1.7e-05
0.8			0.000448			0.8				1.5e-05	0.8			2.1e-05
0.83333			0.000538			0.83333				1.8e-05	0.83333			2.5e-05
0.8666699999999999	0.000642			0.8666699999999999		2.2e-05	0.8666699999999999	3e-05
0.8999999999999999	0.000759			0.8999999999999999		2.6e-05	0.8999999999999999	3.6e-05
0.93333			0.000892			0.93333				3.1e-05	0.93333			4.3e-05
0.96667			0.001041			0.96667				3.7e-05	0.96667			5.1e-05
1			0.001208			1				4.3e-05	1			5.9e-05
1.03333			0.001394			1.03333				5e-05	1.03333			6.9e-05
1.06667			0.0016				1.06667				5.9e-05	1.06667			8.1e-05
1.1			0.001828			1.1				6.8e-05	1.1			9.3e-05
1.13333			0.002079			1.13333				7.8e-05	1.13333			0.000107
1.16667			0.002354			1.16667				8.899999999999999e-05		1.16667 0.000122
1.2			0.002655			1.2				0.000102			1.2	0.000139
1.23333			0.002983			1.23333				0.000116			1.23333	0.000158
1.26667			0.003339			1.26667				0.000131			1.26667	0.000179
1.3			0.003725			1.3				0.000148			1.3	0.000202
1.33333			0.004141			1.33333				0.000167			1.33333	0.000227
1.36667			0.004591			1.36667				0.000187			1.36667	0.000254
1.4			0.005073			1.4				0.000209			1.4	0.000283
1.43333			0.005591			1.43333				0.000233			1.43333	0.000316
1.46667			0.006145			1.46667				0.000259			1.46667	0.000351
1.5			0.006737			1.5				0.000287			1.5	0.000388
1.53333			0.007367			1.53333				0.000318			1.53333	0.000429
1.56667			0.008038			1.56667				0.000351			1.56667	0.000473
1.6			0.008750000000000001		1.6				0.000386			1.6	0.00052
1.63333			0.009504			1.63333				0.000424			1.63333	0.000571
1.66667			0.010302			1.66667				0.000465			1.66667	0.000625
1.7			0.011145			1.7				0.000509			1.7	0.000684
1.73333			0.012034			1.73333				0.000556			1.73333	0.000746
1.76667			0.012971			1.76667				0.000607			1.76667	0.000812
1.8			0.013955			1.8				0.00066				1.8	0.000883
1.83333			0.014988			1.83333				0.000717			1.83333	0.000958
1.86667			0.016072			1.86667				0.000778			1.86667	0.001038
1.9			0.017207			1.9				0.000843			1.9	0.001123
1.93333			0.018394			1.93333				0.000911			1.93333	0.001212
1.96667			0.019634			1.96667				0.0009840000000000001		1.96667	0.001307
2			0.020928			2				0.001061			2	0.001408
2.03333			0.022276			2.03333				0.001142			2.03333	0.001514
2.06667			0.023679			2.06667				0.001228			2.06667	0.001626
2.1			0.025139			2.1				0.001319			2.1	0.001744
2.13333			0.026655			2.13333				0.001414			2.13333	0.001868
2.16667			0.028229			2.16667				0.001515			2.16667	0.001998
2.2			0.02986				2.2				0.001621			2.2	0.002135
2.23333			0.031551			2.23333				0.001732			2.23333	0.002279
2.26667			0.0333				2.26667				0.001849			2.26667	0.00243
2.3			0.035108			2.3				0.001972			2.3	0.002588
2.33333			0.036976			2.33333				0.0021				2.33333	0.002754
2.36667			0.038904			2.36667				0.002235			2.36667	0.002927
2.4			0.040893			2.4				0.002376			2.4	0.003108
2.43333			0.042943			2.43333				0.002524			2.43333	0.003297
2.46667			0.045053			2.46667				0.002678			2.46667	0.003494
2.5			0.047224			2.5				0.002839			2.5	0.003699
2.53333			0.049457			2.53333				0.003007			2.53333	0.003914
2.56667			0.051751			2.56667				0.003182			2.56667	0.004137
2.6			0.054106			2.6				0.003365			2.6	0.004369
2.63333			0.056523			2.63333				0.003555			2.63333	0.00461
2.66667			0.059				2.66667				0.003753			2.66667	0.004861
2.7			0.061539			2.7				0.003958			2.7	0.005121
2.73333			0.064138			2.73333				0.004172			2.73333	0.005391
2.76667			0.066798			2.76667				0.004394			2.76667	0.005671
2.8			0.069519			2.8				0.004625			2.8	0.005962
2.83333			0.072299			2.83333				0.004864			2.83333	0.006263
2.86667			0.07514				2.86667				0.005113			2.86667	0.006574
2.9			0.078039			2.9				0.00537				2.9	0.006897
2.93333			0.080998			2.93333				0.005636			2.93333	0.00723
2.96667			0.08401500000000001		2.96667				0.005912			2.96667	0.007575
3			0.08709				3				0.006197			3	0.007931000000000001
3.03333			0.090222			3.03333				0.006492			3.03333	0.008299000000000001
3.06667			0.09341099999999999		3.06667				0.006797			3.06667	0.008678999999999999
3.1			0.096655			3.1				0.007112			3.1	0.00907
3.13333			0.099955			3.13333				0.007438			3.13333	0.009474
3.16667			0.10331				3.16667				0.007774			3.16667	0.009891
3.2			0.106718			3.2				0.00812				3.2	0.01032
3.23333			0.110179			3.23333				0.008477999999999999		3.23333	0.010761
3.26667			0.113692			3.26667				0.008846			3.26667	0.011216
3.3			0.117256			3.3				0.009226			3.3	0.011683
3.33333			0.12087				3.33333				0.009617000000000001		3.33333	0.012164
3.36667			0.124534			3.36667				0.01002				3.36667	0.012659
3.4			0.128245			3.4				0.010434			3.4	0.013167
3.43333			0.132003			3.43333				0.01086				3.43333	0.013689
3.46667			0.135807			3.46667				0.011298			3.46667	0.014225
3.5			0.139656			3.5				0.011749			3.5	0.014775
3.53333			0.143548			3.53333				0.012212			3.53333	0.015339
3.56667			0.147483			3.56667				0.012687			3.56667	0.015918
3.6			0.151458			3.6				0.013175			3.6	0.016512
3.63333			0.155474			3.63333				0.013676			3.63333	0.01712
3.66667			0.159527			3.66667				0.01419				3.66667	0.017743
3.7			0.163618			3.7				0.014718			3.7	0.018381
3.73333			0.167744			3.73333				0.015258			3.73333	0.019035
3.76667			0.171904			3.76667				0.015812			3.76667	0.019704
3.8			0.176097			3.8				0.01638				3.8	0.020388
3.83333			0.180321			3.83333				0.016961			3.83333	0.021088
3.86667			0.184575			3.86667				0.017557			3.86667	0.021804
3.9			0.188857			3.9				0.018166			3.9	0.022536
3.93333			0.193166			3.93333				0.01879				3.93333	0.023284
3.96667			0.1975				3.96667				0.019428			3.96667	0.024048
4			0.201856			4				0.020081			4	0.024828
4.03333			0.206235			4.03333				0.020748			4.03333	0.025624
4.06667			0.210634			4.06667				0.02143				4.06667	0.026437
4.1			0.215051			4.1				0.022126			4.1	0.027267
4.13333			0.219485			4.13333				0.022838			4.13333	0.028113
4.16667			0.223934			4.16667				0.023565			4.16667	0.028976
4.2			0.228396			4.2				0.024307			4.2	0.029856
4.23333			0.232869			4.23333				0.025064			4.23333	0.030753
4.26667			0.237353			4.26667				0.025837			4.26667	0.031667
4.3			0.241844			4.3				0.026625			4.3	0.032598
4.33333			0.246342			4.33333				0.027429			4.33333	0.033546
4.36667			0.250844			4.36667				0.028249			4.36667	0.034512
4.4			0.255349			4.4				0.029084			4.4	0.035495
4.43333			0.259855			4.43333				0.029935			4.43333	0.036495
4.46667			0.264361			4.46667				0.030802			4.46667	0.037512
4.5			0.268864			4.5				0.031686			4.5	0.038548
4.533329999999999	0.273363			4.533329999999999		0.032585			4.533329999999999 0.0396
4.56667			0.277855			4.56667				0.033501			4.56667		  0.040671
4.600000000000001	0.282341			4.600000000000001		0.034433			4.600000000000001 0.041759
4.63333			0.286816			4.63333				0.035381			4.63333		  0.042865
4.66667			0.291281			4.66667				0.036345			4.66667		  0.043988
4.699999999999999	0.295734			4.699999999999999		0.037326			4.699999999999999 0.045129
4.73333			0.300171			4.73333				0.038324			4.73333		  0.046288
4.76667			0.304593			4.76667				0.039338			4.76667		  0.047465
4.8			0.308998			4.8				0.040368			4.8		  0.048659
4.83333			0.313383			4.83333				0.041415			4.83333		  0.049871
4.86667			0.317748			4.86667				0.042479			4.86667		  0.051101
4.9			0.32209				4.9				0.043559			4.9		  0.052349
4.93333			0.326409			4.93333				0.044656			4.93333		  0.053614
4.966670000000001	0.330703			4.966670000000001		0.04577				4.966670000000001 0.054897
5			0.334971			5				0.0469				5		  0.056198
5.03333			0.339211			5.03333				0.048047			5.03333		  0.057517
5.06667			0.343423			5.06667				0.049211			5.06667		  0.058853
5.1			0.347604			5.1				0.050391			5.1		  0.060207
5.133330000000001	0.351753			5.133330000000001		0.051588			5.133330000000001 0.061578
5.16667			0.35587				5.16667				0.052802			5.16667		  0.062967
5.2			0.359954			5.2				0.054032			5.2		  0.064373
5.23333			0.364002			5.23333				0.055279			5.23333		  0.06579699999999999
5.26667			0.368015			5.26667				0.056542			5.26667		  0.06723800000000001
5.300000000000001	0.371992			5.300000000000001		0.057822			5.300000000000001 0.06869599999999999
5.333329999999999	0.375931			5.333329999999999		0.059118			5.333329999999999 0.070172
5.36667			0.379832			5.36667				0.060431			5.36667		  0.07166400000000001
5.4			0.383693			5.4				0.061759			5.4		  0.073174
5.43333			0.387515			5.43333				0.06310399999999999		5.43333		  0.0747
5.466670000000001	0.391296			5.466670000000001		0.064466			5.466670000000001 0.07624300000000001
5.5			0.395037			5.5				0.065843			5.5		  0.077803
5.533329999999999	0.398735			5.533329999999999		0.06723700000000001		5.533329999999999 0.07938000000000001
5.56667			0.402392			5.56667				0.068646			5.56667		  0.080973
5.600000000000001	0.406006			5.600000000000001		0.07007099999999999		5.600000000000001 0.082582
5.63333			0.409577			5.63333				0.07151200000000001		5.63333		  0.08420800000000001
5.66667			0.413106			5.66667				0.07296800000000001		5.66667		  0.08585
5.699999999999999	0.41659				5.699999999999999		0.07444000000000001		5.699999999999999 0.087507
5.73333			0.420031			5.73333				0.07592699999999999		5.73333		  0.089181
5.76667			0.423428			5.76667				0.07743				5.76667		  0.09086900000000001
5.8			0.426781			5.8				0.078947			5.8		  0.092574
5.83333			0.43009				5.83333				0.08048				5.83333		  0.094294
5.866670000000001	0.433356			5.866670000000001		0.082027			5.866670000000001 0.096028
5.899999999999999	0.436577			5.899999999999999		0.08359				5.899999999999999 0.097778
5.93333			0.439754			5.93333				0.08516600000000001		5.93333		  0.09954300000000001
5.96667			0.442887			5.96667				0.086757			5.96667		  0.101322
6			0.445977			6				0.088362			6		  0.103116
6.03333			0.449024			6.03333				0.08998100000000001		6.03333		  0.104924
6.066669999999999	0.452027			6.066669999999999		0.091614			6.066669999999999 0.106745
6.1			0.454988			6.1				0.093261			6.1		  0.108581
6.13333			0.457906			6.13333				0.09492100000000001		6.13333		  0.11043
6.16667			0.460782			6.16667				0.096594			6.16667		  0.112293
6.2			0.463616			6.2				0.09828000000000001		6.2		  0.114168
6.23333			0.466409			6.23333				0.099979			6.23333		  0.116057
6.26667			0.46916				6.26667				0.101691			6.26667		  0.117958
6.3			0.471872			6.3				0.103415			6.3		  0.119872
6.33333			0.474543			6.33333				0.105151			6.33333		  0.121797
6.36667			0.477175			6.36667				0.106899			6.36667		  0.123735
6.4			0.479768			6.4				0.108659			6.4		  0.125684
6.433330000000001	0.482323			6.433330000000001		0.110431			6.433330000000001 0.127645
6.46667			0.48484				6.46667				0.112213			6.46667		  0.129617
6.5			0.48732				6.5				0.114006			6.5		  0.1316
6.53333			0.489763			6.53333				0.115811			6.53333		  0.133593
6.56667			0.492171			6.56667				0.117625			6.56667		  0.135597
6.600000000000001	0.494542			6.600000000000001		0.11945				6.600000000000001 0.13761
6.633329999999999	0.49688				6.633329999999999		0.121285			6.633329999999999 0.139634
6.66667			0.499183			6.66667				0.123129			6.66667		  0.141666
6.7			0.501452			6.7				0.124983			6.7		  0.143709
6.73333			0.5036890000000001		6.73333				0.126846			6.73333		  0.145759
6.76667			0.505894			6.76667				0.128717			6.76667		  0.147819
6.800000000000001	0.508067			6.800000000000001		0.130598			6.800000000000001 0.149886
6.83333			0.5102100000000001		6.83333				0.132486			6.83333		  0.151962
6.86667			0.5123220000000001		6.86667				0.134382			6.86667		  0.154045
6.899999999999999	0.514404			6.899999999999999		0.136286			6.899999999999999 0.156136
6.93333			0.516458			6.93333				0.138198			6.93333		  0.158234
6.966670000000001	0.518483			6.966670000000001		0.140116			6.966670000000001 0.160338
7			0.520481			7				0.142041			7		  0.162449
7.033329999999999	0.522452			7.033329999999999		0.143973			7.033329999999999 0.164565
7.06667			0.524396			7.06667				0.145911			7.06667		  0.166688
7.1			0.526315			7.1				0.147855			7.1		  0.168816
7.13333			0.528208			7.13333				0.149804			7.13333		  0.170949
7.166670000000001	0.530077			7.166670000000001		0.151759			7.166670000000001 0.173087
7.199999999999999	0.531922			7.199999999999999		0.153718			7.199999999999999 0.175229
7.23333			0.533743			7.23333				0.155682			7.23333		  0.177375
7.26667			0.535542			7.26667				0.157651			7.26667		  0.179525
7.3			0.537318			7.3				0.159623			7.3		  0.181678
7.33333			0.539073			7.33333				0.1616				7.33333		  0.183835
7.366669999999999	0.540806			7.366669999999999		0.163579			7.366669999999999 0.185994
7.4			0.542519			7.4				0.165562			7.4		  0.188156
7.43333			0.544211			7.43333				0.167548			7.43333		  0.19032
7.46667			0.545884			7.46667				0.169536			7.46667		  0.192486
7.5			0.547538			7.5				0.171527			7.5		  0.194653
7.53333			0.549173			7.53333				0.173519			7.53333		  0.196821
7.56667			0.55079				7.56667				0.175513			7.56667		  0.19899
7.6			0.552389			7.6				0.177509			7.6		  0.201159
7.633330000000001	0.553971			7.633330000000001		0.179505			7.633330000000001 0.203329
7.66667			0.555536			7.66667				0.181502			7.66667		  0.205499
7.7			0.5570850000000001		7.7				0.1835				7.7		  0.207668
7.73333			0.5586179999999999		7.73333				0.185498			7.73333		  0.209836
7.76667			0.560135			7.76667				0.187496			7.76667		  0.212003
7.800000000000001	0.5616370000000001		7.800000000000001		0.189494			7.800000000000001 0.214169
7.833329999999999	0.563124			7.833329999999999		0.19149				7.833329999999999 0.216333
7.86667			0.564596			7.86667				0.193486			7.86667		  0.218495
7.9			0.566055			7.9				0.195481			7.9		  0.220655
7.93333			0.567499			7.93333				0.197475			7.93333		  0.222812
7.966670000000001	0.568931			7.966670000000001		0.199467			7.966670000000001 0.224966
8			0.570349			8				0.201457			8		  0.227117
8.033329999999999	0.571754			8.033329999999999		0.203445			8.033329999999999 0.229265
8.06667			0.573147			8.06667				0.20543				8.06667		  0.231409
8.100000000000001	0.574528			8.100000000000001		0.207413			8.100000000000001 0.233549
8.133329999999999	0.575897			8.133329999999999		0.209393			8.133329999999999 0.235685
8.16667			0.577255			8.16667				0.21137				8.16667		  0.237816
8.199999999999999	0.578601			8.199999999999999		0.213344			8.199999999999999 0.239942
8.23333			0.579935			8.23333				0.215314			8.23333		  0.242063
8.266670000000001	0.58126				8.266670000000001		0.217281			8.266670000000001 0.244179
8.299999999999999	0.582573			8.299999999999999		0.219244			8.299999999999999 0.24629
8.33333			0.583876			8.33333				0.221202			8.33333		  0.248395
8.366670000000001	0.5851690000000001		8.366670000000001		0.223157			8.366670000000001 0.250493
8.4			0.586453			8.4				0.225106			8.4		  0.252586
8.43333			0.587726			8.43333				0.227052			8.43333		  0.254672
8.466669999999999	0.58899				8.466669999999999		0.228992			8.466669999999999 0.256752
8.5			0.590245			8.5				0.230928			8.5		  0.258824
8.533329999999999	0.591491			8.533329999999999		0.232858			8.533329999999999 0.26089
8.56667			0.592727			8.56667				0.234783			8.56667		  0.262948
8.6			0.593955			8.6				0.236703			8.6		  0.264999
8.633330000000001	0.595175			8.633330000000001		0.238617			8.633330000000001 0.267043
8.66667			0.596386			8.66667				0.240525			8.66667		  0.269079
8.699999999999999	0.597589			8.699999999999999		0.242428			8.699999999999999 0.271106
8.73333			0.598784			8.73333				0.244324			8.73333		  0.273126
8.76667			0.599971			8.76667				0.246215			8.76667		  0.275137
8.800000000000001	0.60115				8.800000000000001		0.248099			8.800000000000001 0.277141
8.83333			0.602321			8.83333				0.249977			8.83333		  0.279135
8.866669999999999	0.603485			8.866669999999999		0.251849			8.866669999999999 0.281121
8.9			0.604642			8.9				0.253714			8.9		  0.283098
8.93333			0.605792			8.93333				0.255573			8.93333		  0.285067
8.966670000000001	0.606934			8.966670000000001		0.257425			8.966670000000001 0.287026
9			0.608069			9				0.25927				9		  0.288976
9.033330000000001	0.609198			9.033330000000001		0.261109			9.033330000000001 0.290917
9.06667			0.6103189999999999		9.06667				0.26294				9.06667		  0.292849
9.1			0.611434			9.1				0.264765			9.1		  0.294772
9.133329999999999	0.6125429999999999		9.133329999999999		0.266583			9.133329999999999 0.296685
9.16667			0.613645			9.16667				0.268393			9.16667		  0.298588
9.200000000000001	0.61474				9.200000000000001		0.270197			9.200000000000001 0.300482
9.233329999999999	0.61583				9.233329999999999		0.271993			9.233329999999999 0.302366
9.26667			0.616913			9.26667				0.273782			9.26667		  0.304241
9.300000000000001	0.61799				9.300000000000001		0.275565			9.300000000000001 0.306105
9.33333			0.619061			9.33333				0.27734				9.33333		  0.30796
9.366670000000001	0.620126			9.366670000000001		0.279107			9.366670000000001 0.309805
9.399999999999999	0.621185			9.399999999999999		0.280867			9.399999999999999 0.311641
9.43333			0.622238			9.43333				0.28262				9.43333		  0.313466
9.466670000000001	0.623286			9.466670000000001		0.284366			9.466670000000001 0.315282
9.5			0.624328			9.5				0.286105			9.5		  0.317087
9.533329999999999	0.6253649999999999		9.533329999999999		0.287836			9.533329999999999 0.318883
9.56667			0.626396			9.56667				0.289559			9.56667		  0.320668
9.6			0.627421			9.6				0.291276			9.6		  0.322444
9.633330000000001	0.628441			9.633330000000001		0.292985			9.633330000000001 0.32421
9.66667			0.629456			9.66667				0.294687			9.66667		  0.325966
9.699999999999999	0.630466			9.699999999999999		0.296382			9.699999999999999 0.327712
9.73333			0.63147				9.73333				0.298069			9.73333		  0.329448
9.76667			0.6324689999999999		9.76667				0.299749			9.76667		  0.331174
9.800000000000001	0.633463			9.800000000000001		0.301422			9.800000000000001 0.33289
9.83333			0.634452			9.83333				0.303087			9.83333		  0.334597
9.866669999999999	0.635436			9.866669999999999		0.304746			9.866669999999999 0.336293
9.9			0.636415			9.9				0.306397			9.9		  0.33798
9.93333			0.63739				9.93333				0.308041			9.93333		  0.339657
